I
1110 Version
1234 device type code
0.100000
0.750000
-0.25000  0.00000
-0.22000  0.00000
-0.15000  0.00000
 0.00000  0.00000
 0.20000  0.00000
 0.75000  0.00000
 0.75000  0.00000
 0.75000  0.00000
 0.75000  0.00000
 0.20000  0.00000
 0.00000  0.00000
-0.15000  0.00000
-0.22000  0.00000
-0.25000  0.00000
1
1.00000 0.12300 0.70000 -7.50000 15.00000 4.85000 2.40000 1.60000 0.06000 2.30000 0.20000 0.00500 0.70000 0.02000 3.05000 -0.52000 0.14000 0.01000 0.01000 -6.50000 15.00000 0.00000 -0.17000 -0.08000 -0.12000
alpha cl cd cm:
-180.0  0.38500  0.04700  0.09625
-179.0  0.45265  0.06933  0.11345
-178.0  0.52030  0.09164  0.13080
-177.0  0.58795  0.11393  0.14828
-176.0  0.65560  0.13617  0.16588
-175.0  0.71896  0.15838  0.18251
-174.0  0.75494  0.18054  0.19242
-173.0  0.78574  0.20264  0.20114
-172.0  0.81158  0.22468  0.20874
-171.0  0.83274  0.24666  0.21527
-170.0  0.84949  0.26856  0.22080
-169.0  0.86214  0.29037  0.22543
-168.0  0.87105  0.31210  0.22923
-167.0  0.87662  0.33373  0.23231
-166.0  0.87936  0.35526  0.23480
-165.0  0.88000  0.37669  0.23688
-164.0  0.84429  0.39799  0.23032
-163.0  0.83363  0.41918  0.22994
-162.0  0.81303  0.44024  0.22732
-161.0  0.78116  0.46117  0.22219
-160.0  0.73700  0.48195  0.21435
-159.0  0.76419  0.50259  0.22339
-158.0  0.79127  0.52307  0.23240
-157.0  0.81814  0.54340  0.24136
-156.0  0.84468  0.56356  0.25022
-155.0  0.87080  0.58355  0.25896
-154.0  0.89640  0.60336  0.26754
-153.0  0.92136  0.62298  0.27594
-152.0  0.94560  0.64242  0.28413
-151.0  0.96901  0.66166  0.29207
-150.0  0.99151  0.68070  0.29976
-149.0  1.01300  0.69954  0.30715
-148.0  1.03341  0.71815  0.31424
-147.0  1.05264  0.73656  0.32099
-146.0  1.07063  0.75473  0.32741
-145.0  1.08730  0.77268  0.33346
-144.0  1.10259  0.79039  0.33915
-143.0  1.11644  0.80786  0.34445
-142.0  1.12879  0.82508  0.34937
-141.0  1.13959  0.84206  0.35389
-140.0  1.14881  0.85877  0.35801
-139.0  1.15640  0.87523  0.36174
-138.0  1.16233  0.89141  0.36506
-137.0  1.16659  0.90733  0.36800
-136.0  1.16915  0.92297  0.37054
-135.0  1.17000  0.93833  0.37270
-134.0  1.16929  0.95340  0.37452
-133.0  1.16715  0.96819  0.37602
-132.0  1.16359  0.98267  0.37722
-131.0  1.15861  0.99686  0.37812
-130.0  1.15223  1.01075  0.37873
-129.0  1.14443  1.02432  0.37907
-128.0  1.13525  1.03759  0.37914
-127.0  1.12468  1.05054  0.37896
-126.0  1.11274  1.06317  0.37854
-125.0  1.09944  1.07547  0.37790
-124.0  1.08481  1.08745  0.37704
-123.0  1.06885  1.09910  0.37598
-122.0  1.05159  1.11041  0.37473
-121.0  1.03305  1.12138  0.37332
-120.0  1.01325  1.13201  0.37174
-119.0  0.99222  1.14230  0.37003
-118.0  0.96997  1.15224  0.36819
-117.0  0.94655  1.16183  0.36623
-116.0  0.92197  1.17106  0.36418
-115.0  0.89627  1.17994  0.36204
-114.0  0.86948  1.18845  0.35984
-113.0  0.84163  1.19661  0.35758
-112.0  0.81275  1.20440  0.35529
-111.0  0.78288  1.21183  0.35297
-110.0  0.75206  1.21888  0.35065
-109.0  0.72032  1.22557  0.34833
-108.0  0.68771  1.23188  0.34602
-107.0  0.65426  1.23781  0.34375
-106.0  0.62001  1.24337  0.34153
-105.0  0.58500  1.24855  0.33935
-104.0  0.54928  1.25335  0.33725
-103.0  0.51289  1.25777  0.33523
-102.0  0.47588  1.26180  0.33329
-101.0  0.43829  1.26545  0.33146
-100.0  0.40016  1.26872  0.32973
 -99.0  0.36155  1.27159  0.32812
 -98.0  0.32250  1.27408  0.32664
 -97.0  0.28305  1.27619  0.32529
 -96.0  0.24326  1.27790  0.32408
 -95.0  0.20317  1.27923  0.32302
 -94.0  0.16283  1.28016  0.32210
 -93.0  0.12230  1.28071  0.32134
 -92.0  0.08162  1.28086  0.32073
 -91.0  0.04083  1.28063  0.32029
 -90.0  0.00000  1.28000  0.32000
 -89.0 -0.04083  1.28063  0.32029
 -88.0 -0.08161  1.28086  0.32073
 -87.0 -0.12230  1.28071  0.32134
 -86.0 -0.16283  1.28016  0.32210
 -85.0 -0.20317  1.27923  0.32302
 -84.0 -0.24326  1.27790  0.32408
 -83.0 -0.28305  1.27619  0.32529
 -82.0 -0.32250  1.27408  0.32664
 -81.0 -0.36155  1.27159  0.32812
 -80.0 -0.40016  1.26872  0.32973
 -79.0 -0.43829  1.26545  0.33146
 -78.0 -0.47588  1.26180  0.33329
 -77.0 -0.51289  1.25777  0.33523
 -76.0 -0.54928  1.25335  0.33725
 -75.0 -0.58500  1.24855  0.33935
 -74.0 -0.62001  1.24337  0.34153
 -73.0 -0.65426  1.23781  0.34375
 -72.0 -0.68771  1.23188  0.34602
 -71.0 -0.72032  1.22557  0.34833
 -70.0 -0.75206  1.21888  0.35065
 -69.0 -0.78288  1.21183  0.35297
 -68.0 -0.81275  1.20440  0.35529
 -67.0 -0.84163  1.19661  0.35758
 -66.0 -0.86948  1.18845  0.35984
 -65.0 -0.89627  1.17994  0.36204
 -64.0 -0.92197  1.17106  0.36418
 -63.0 -0.94655  1.16183  0.36623
 -62.0 -0.96997  1.15224  0.36819
 -61.0 -0.99222  1.14230  0.37003
 -60.0 -1.01325  1.13201  0.37174
 -59.0 -1.03305  1.12138  0.37332
 -58.0 -1.05159  1.11041  0.37473
 -57.0 -1.06885  1.09910  0.37598
 -56.0 -1.08481  1.08745  0.37704
 -55.0 -1.09944  1.07547  0.37790
 -54.0 -1.11274  1.06317  0.37854
 -53.0 -1.12468  1.05054  0.37896
 -52.0 -1.13525  1.03759  0.37914
 -51.0 -1.14443  1.02433  0.37907
 -50.0 -1.15223  1.01075  0.37873
 -49.0 -1.15861  0.99686  0.37812
 -48.0 -1.16359  0.98267  0.37722
 -47.0 -1.16715  0.96819  0.37602
 -46.0 -1.16929  0.95340  0.37452
 -45.0 -1.17000  0.93833  0.37270
 -44.0 -1.16757  0.92297  0.36754
 -43.0 -1.16030  0.90733  0.36067
 -42.0 -1.14821  0.89142  0.35219
 -41.0 -1.13136  0.87523  0.34220
 -40.0 -1.10980  0.85877  0.33080
 -39.0 -1.08363  0.84206  0.31811
 -38.0 -1.05294  0.82508  0.30425
 -37.0 -1.01786  0.80786  0.28935
 -36.0 -0.97852  0.78097  0.27264
 -35.0 -0.93509  0.75055  0.25503
 -34.0 -0.88773  0.71866  0.23687
 -33.0 -0.83663  0.68557  0.21833
 -32.0 -0.78199  0.65153  0.19959
 -31.0 -0.72403  0.61678  0.18078
 -30.0 -0.66298  0.58157  0.16205
 -29.0 -0.59907  0.54611  0.14352
 -28.0 -0.53256  0.51062  0.12530
 -27.0 -0.46371  0.47529  0.10749
 -26.0 -0.39279  0.44030  0.09019
 -25.0 -0.32009  0.40585  0.07345
 -24.0 -0.24589  0.37208  0.05735
 -23.0 -0.17048  0.33916  0.04193
 -22.0 -0.09416  0.30722  0.02722
 -21.0 -0.01723  0.27640  0.01324
 -20.0  0.06000  0.24680  0.00000
 -19.9  0.05634  0.24392 -0.00126
 -19.8  0.05272  0.24104 -0.00252
 -19.7  0.04913  0.23818 -0.00378
 -19.6  0.04559  0.23534 -0.00504
 -19.5  0.04208  0.23250 -0.00630
 -19.4  0.03861  0.22969 -0.00756
 -19.3  0.03517  0.22688 -0.00881
 -19.2  0.03178  0.22409 -0.01007
 -19.1  0.02842  0.22131 -0.01133
 -19.0  0.02510  0.21855 -0.01259
 -18.9  0.02181  0.21580 -0.01385
 -18.8  0.01857  0.21307 -0.01511
 -18.7  0.01536  0.21035 -0.01637
 -18.6  0.01219  0.20765 -0.01763
 -18.5  0.00905  0.20496 -0.01889
 -18.4  0.00595  0.20228 -0.02015
 -18.3  0.00289  0.19962 -0.02141
 -18.2 -0.00013  0.19698 -0.02267
 -18.1 -0.00312  0.19435 -0.02393
 -18.0 -0.00607  0.19173 -0.02519
 -17.9 -0.00899  0.18913 -0.02644
 -17.8 -0.01187  0.18655 -0.02770
 -17.7 -0.01471  0.18398 -0.02896
 -17.6 -0.01752  0.18142 -0.03022
 -17.5 -0.02029  0.17889 -0.03148
 -17.4 -0.02302  0.17636 -0.03274
 -17.3 -0.02572  0.17386 -0.03400
 -17.2 -0.02839  0.17137 -0.03526
 -17.1 -0.03102  0.16889 -0.03652
 -17.0 -0.03361  0.16643 -0.03778
 -16.9 -0.03617  0.16399 -0.03904
 -16.8 -0.03869  0.16156 -0.04030
 -16.7 -0.04118  0.15915 -0.04156
 -16.6 -0.04363  0.15675 -0.04281
 -16.5 -0.04605  0.15437 -0.04407
 -16.4 -0.04843  0.15201 -0.04533
 -16.3 -0.05078  0.14966 -0.04659
 -16.2 -0.05310  0.14733 -0.04785
 -16.1 -0.05538  0.14502 -0.04911
 -16.0 -0.05762  0.14272 -0.05037
 -15.9 -0.05984  0.14044 -0.05163
 -15.8 -0.06201  0.13818 -0.05289
 -15.7 -0.06416  0.13593 -0.05415
 -15.6 -0.06627  0.13370 -0.05541
 -15.5 -0.06835  0.13148 -0.05667
 -15.4 -0.07039  0.12929 -0.05793
 -15.3 -0.07240  0.12711 -0.05919
 -15.2 -0.07438  0.12494 -0.06044
 -15.1 -0.07632  0.12280 -0.06170
 -15.0 -0.07823  0.12067 -0.06296
 -14.9 -0.08011  0.11855 -0.06422
 -14.8 -0.08195  0.11646 -0.06548
 -14.7 -0.08377  0.11438 -0.06674
 -14.6 -0.08555  0.11232 -0.06800
 -14.5 -0.08729  0.11028 -0.06926
 -14.4 -0.08901  0.10825 -0.07052
 -14.3 -0.09069  0.10624 -0.07178
 -14.2 -0.09234  0.10425 -0.07304
 -14.1 -0.09397  0.10227 -0.07430
 -14.0 -0.09555  0.10032 -0.07556
 -13.9 -0.09711  0.09838 -0.07681
 -13.8 -0.09864  0.09645 -0.07807
 -13.7 -0.10013  0.09455 -0.07933
 -13.6 -0.10159  0.09266 -0.08059
 -13.5 -0.10303  0.09079 -0.08185
 -13.4 -0.10443  0.08894 -0.08311
 -13.3 -0.10580  0.08710 -0.08437
 -13.2 -0.10714  0.08529 -0.08563
 -13.1 -0.10845  0.08349 -0.08689
 -13.0 -0.10973  0.08171 -0.08815
 -12.9 -0.11098  0.07994 -0.08941
 -12.8 -0.11220  0.07820 -0.09067
 -12.7 -0.11340  0.07647 -0.09193
 -12.6 -0.11456  0.07476 -0.09319
 -12.5 -0.11569  0.07307 -0.09444
 -12.4 -0.11679  0.07139 -0.09570
 -12.3 -0.11787  0.06973 -0.09696
 -12.2 -0.11892  0.06810 -0.09822
 -12.1 -0.11993  0.06647 -0.09948
 -12.0 -0.12092  0.06487 -0.10074
 -11.9 -0.12188  0.06329 -0.10200
 -11.8 -0.12282  0.06172 -0.10326
 -11.7 -0.12372  0.06017 -0.10452
 -11.6 -0.12460  0.05864 -0.10578
 -11.5 -0.12545  0.05712 -0.10704
 -11.4 -0.12627  0.05563 -0.10830
 -11.3 -0.12707  0.05415 -0.10956
 -11.2 -0.12784  0.05269 -0.11081
 -11.1 -0.12858  0.05125 -0.11207
 -11.0 -0.12930  0.04539 -0.11333
 -10.9 -0.12999  0.04393 -0.11459
 -10.8 -0.13065  0.04250 -0.11585
 -10.7 -0.13129  0.04111 -0.11711
 -10.6 -0.13190  0.03973 -0.11837
 -10.5 -0.13249  0.03837 -0.11963
 -10.4 -0.13306  0.03703 -0.12089
 -10.3 -0.13359  0.03571 -0.12215
 -10.2 -0.13411  0.03440 -0.12341
 -10.1 -0.13460  0.03311 -0.12467
 -10.0 -0.13506  0.03181 -0.12593
  -9.9 -0.13551  0.03051 -0.12719
  -9.8 -0.13593  0.02937 -0.12844
  -9.7 -0.13632  0.02819 -0.12970
  -9.6 -0.13669  0.02702 -0.13096
  -9.5 -0.13705  0.02587 -0.13222
  -9.4 -0.13737  0.02473 -0.13348
  -9.3 -0.13768  0.02360 -0.13474
  -9.2 -0.13797  0.02250 -0.13600
  -9.1 -0.13823  0.02142 -0.13726
  -9.0 -0.13848  0.02035 -0.13852
  -8.9 -0.13870  0.01932 -0.13978
  -8.8 -0.13890  0.01836 -0.14104
  -8.7 -0.13909  0.02202 -0.14230
  -8.6 -0.13925  0.02102 -0.14356
  -8.5 -0.13940  0.02005 -0.14481
  -8.4 -0.13953  0.01909 -0.14607
  -8.3 -0.13964  0.01814 -0.14733
  -8.2 -0.13974  0.01722 -0.14859
  -8.1 -0.13981  0.01631 -0.14985
  -8.0 -0.13988  0.01542 -0.15111
  -7.9 -0.13993  0.01455 -0.15237
  -7.8 -0.13996  0.01370 -0.15363
  -7.7 -0.13999  0.01286 -0.15489
  -7.6 -0.14000  0.01204 -0.15615
  -7.5 -0.14000  0.01124 -0.15741
  -7.4 -0.19988  0.01099 -0.15867
  -7.3 -0.19939  0.01074 -0.15993
  -7.2 -0.19837  0.01051 -0.16119
  -7.1 -0.19675  0.01028 -0.16244
  -7.0 -0.19446  0.01005 -0.16370
  -6.9 -0.19141  0.00984 -0.16496
  -6.8 -0.18757  0.00963 -0.16622
  -6.7 -0.18287  0.00942 -0.16748
  -6.6 -0.17728  0.00922 -0.16874
  -6.5 -0.17074  0.00903 -0.17000
  -6.4 -0.16322  0.00885 -0.16958
  -6.3 -0.15468  0.00867 -0.16916
  -6.2 -0.14508  0.00849 -0.16874
  -6.1 -0.13438  0.00832 -0.16833
  -6.0 -0.12257  0.00816 -0.16791
  -5.9 -0.10960  0.00800 -0.16749
  -5.8 -0.09544  0.00785 -0.16707
  -5.7 -0.08006  0.00770 -0.16665
  -5.6 -0.06345  0.00756 -0.16623
  -5.5 -0.04556  0.00742 -0.16581
  -5.4 -0.02637  0.00729 -0.16540
  -5.3 -0.00586  0.00716 -0.16498
  -5.2  0.01600  0.00704 -0.16456
  -5.1  0.03922  0.00692 -0.16414
  -5.0  0.06385  0.00681 -0.16372
  -4.9  0.08989  0.00670 -0.16330
  -4.8  0.10960  0.00660 -0.16288
  -4.7  0.12190  0.00650 -0.16247
  -4.6  0.13420  0.00640 -0.16205
  -4.5  0.14650  0.00631 -0.16163
  -4.4  0.15880  0.00623 -0.16121
  -4.3  0.17110  0.00614 -0.16079
  -4.2  0.18340  0.00606 -0.16037
  -4.1  0.19570  0.00599 -0.15995
  -4.0  0.20800  0.00592 -0.15953
  -3.9  0.22030  0.00585 -0.15912
  -3.8  0.23260  0.00578 -0.15870
  -3.7  0.24490  0.00572 -0.15828
  -3.6  0.25720  0.00566 -0.15786
  -3.5  0.26950  0.00561 -0.15744
  -3.4  0.28180  0.00556 -0.15702
  -3.3  0.29410  0.00551 -0.15660
  -3.2  0.30640  0.00546 -0.15619
  -3.1  0.31870  0.00542 -0.15577
  -3.0  0.33100  0.00538 -0.15535
  -2.9  0.34330  0.00534 -0.15493
  -2.8  0.35560  0.00531 -0.15451
  -2.7  0.36790  0.00528 -0.15409
  -2.6  0.38020  0.00525 -0.15367
  -2.5  0.39250  0.00522 -0.15326
  -2.4  0.40480  0.00519 -0.15284
  -2.3  0.41710  0.00517 -0.15242
  -2.2  0.42940  0.00515 -0.15200
  -2.1  0.44170  0.00513 -0.15158
  -2.0  0.45400  0.00511 -0.15116
  -1.9  0.46630  0.00509 -0.15074
  -1.8  0.47860  0.00508 -0.15033
  -1.7  0.49090  0.00507 -0.14991
  -1.6  0.50320  0.00506 -0.14949
  -1.5  0.51550  0.00505 -0.14907
  -1.4  0.52780  0.00504 -0.14865
  -1.3  0.54010  0.00503 -0.14823
  -1.2  0.55240  0.00502 -0.14781
  -1.1  0.56470  0.00502 -0.14740
  -1.0  0.57700  0.00501 -0.14698
  -0.9  0.58930  0.00501 -0.14656
  -0.8  0.60160  0.00501 -0.14614
  -0.7  0.61390  0.00500 -0.14572
  -0.6  0.62620  0.00500 -0.14530
  -0.5  0.63850  0.00500 -0.14488
  -0.4  0.65080  0.00500 -0.14447
  -0.3  0.66310  0.00500 -0.14405
  -0.2  0.67540  0.00500 -0.14363
  -0.1  0.68770  0.00500 -0.14321
   0.0  0.70000  0.00500 -0.14279
   0.1  0.71230  0.00500 -0.14237
   0.2  0.72460  0.00500 -0.14195
   0.3  0.73690  0.00500 -0.14153
   0.4  0.74920  0.00500 -0.14112
   0.5  0.76150  0.00500 -0.14070
   0.6  0.77380  0.00500 -0.14028
   0.7  0.78610  0.00500 -0.13986
   0.8  0.79840  0.00501 -0.13944
   0.9  0.81070  0.00501 -0.13902
   1.0  0.82300  0.00501 -0.13860
   1.1  0.83530  0.00502 -0.13819
   1.2  0.84760  0.00502 -0.13777
   1.3  0.85990  0.00503 -0.13735
   1.4  0.87220  0.00504 -0.13693
   1.5  0.88450  0.00505 -0.13651
   1.6  0.89680  0.00506 -0.13609
   1.7  0.90910  0.00507 -0.13567
   1.8  0.92140  0.00508 -0.13526
   1.9  0.93370  0.00509 -0.13484
   2.0  0.94600  0.00511 -0.13442
   2.1  0.95830  0.00513 -0.13400
   2.2  0.97060  0.00515 -0.13358
   2.3  0.98290  0.00517 -0.13316
   2.4  0.99520  0.00519 -0.13274
   2.5  1.00750  0.00522 -0.13233
   2.6  1.01980  0.00525 -0.13191
   2.7  1.03210  0.00528 -0.13149
   2.8  1.04440  0.00531 -0.13107
   2.9  1.05670  0.00534 -0.13065
   3.0  1.06900  0.00538 -0.13023
   3.1  1.08130  0.00542 -0.12981
   3.2  1.09360  0.00546 -0.12940
   3.3  1.10590  0.00551 -0.12898
   3.4  1.11820  0.00556 -0.12856
   3.5  1.13050  0.00561 -0.12814
   3.6  1.14280  0.00566 -0.12772
   3.7  1.15510  0.00572 -0.12730
   3.8  1.16740  0.00578 -0.12688
   3.9  1.17970  0.00585 -0.12647
   4.0  1.19200  0.00592 -0.12605
   4.1  1.20430  0.00599 -0.12563
   4.2  1.21660  0.00606 -0.12521
   4.3  1.22890  0.00614 -0.12479
   4.4  1.24120  0.00623 -0.12437
   4.5  1.25350  0.00631 -0.12395
   4.6  1.26580  0.00640 -0.12353
   4.7  1.27810  0.00650 -0.12312
   4.8  1.29040  0.00660 -0.12270
   4.9  1.30013  0.00670 -0.12228
   5.0  1.30720  0.00681 -0.12186
   5.1  1.31418  0.00692 -0.12144
   5.2  1.32106  0.00704 -0.12102
   5.3  1.32784  0.00716 -0.12060
   5.4  1.33453  0.00729 -0.12019
   5.5  1.34112  0.00742 -0.11977
   5.6  1.34761  0.00756 -0.11935
   5.7  1.35400  0.00770 -0.11893
   5.8  1.36030  0.00785 -0.11851
   5.9  1.36651  0.00800 -0.11809
   6.0  1.37262  0.00816 -0.11767
   6.1  1.37864  0.00832 -0.11726
   6.2  1.38456  0.00849 -0.11684
   6.3  1.39039  0.00867 -0.11642
   6.4  1.39612  0.00885 -0.11600
   6.5  1.40177  0.00903 -0.11558
   6.6  1.40732  0.00922 -0.11516
   6.7  1.41278  0.00942 -0.11474
   6.8  1.41815  0.00963 -0.11433
   6.9  1.42342  0.00984 -0.11391
   7.0  1.42861  0.01005 -0.11349
   7.1  1.43371  0.01028 -0.11307
   7.2  1.43871  0.01051 -0.11265
   7.3  1.44363  0.01074 -0.11223
   7.4  1.44846  0.01099 -0.11181
   7.5  1.45320  0.01124 -0.11140
   7.6  1.45786  0.01149 -0.11098
   7.7  1.46242  0.01176 -0.11056
   7.8  1.46690  0.01203 -0.11014
   7.9  1.47130  0.01231 -0.10972
   8.0  1.47560  0.01259 -0.10930
   8.1  1.47983  0.01289 -0.10888
   8.2  1.48396  0.01319 -0.10847
   8.3  1.48802  0.01350 -0.10805
   8.4  1.49199  0.01381 -0.10763
   8.5  1.49587  0.01414 -0.10721
   8.6  1.49968  0.01447 -0.10679
   8.7  1.50340  0.01481 -0.10637
   8.8  1.50704  0.01516 -0.10595
   8.9  1.51060  0.01551 -0.10553
   9.0  1.51407  0.01588 -0.10512
   9.1  1.51747  0.01625 -0.10470
   9.2  1.52079  0.01663 -0.10428
   9.3  1.52403  0.01702 -0.10386
   9.4  1.52719  0.01742 -0.10344
   9.5  1.53027  0.01783 -0.10302
   9.6  1.53327  0.01824 -0.10260
   9.7  1.53620  0.01867 -0.10219
   9.8  1.53905  0.01910 -0.10177
   9.9  1.54182  0.01955 -0.10135
  10.0  1.54453  0.02000 -0.10093
  10.1  1.54715  0.02046 -0.10051
  10.2  1.54970  0.02093 -0.10009
  10.3  1.55218  0.02142 -0.09967
  10.4  1.55459  0.02191 -0.09926
  10.5  1.55692  0.02241 -0.09884
  10.6  1.55918  0.02292 -0.09842
  10.7  1.56137  0.02344 -0.09800
  10.8  1.56349  0.02397 -0.09758
  10.9  1.56555  0.02451 -0.09716
  11.0  1.56753  0.02506 -0.09674
  11.1  1.56944  0.02562 -0.09633
  11.2  1.57129  0.02619 -0.09591
  11.3  1.57307  0.02678 -0.09549
  11.4  1.57478  0.02737 -0.09507
  11.5  1.57643  0.02797 -0.09465
  11.6  1.57802  0.02859 -0.09423
  11.7  1.57954  0.02921 -0.09381
  11.8  1.58099  0.02985 -0.09340
  11.9  1.58239  0.03050 -0.09298
  12.0  1.58372  0.03116 -0.09256
  12.1  1.58499  0.03183 -0.09214
  12.2  1.58620  0.03251 -0.09172
  12.3  1.58736  0.03320 -0.09130
  12.4  1.58845  0.03391 -0.09088
  12.5  1.58949  0.03463 -0.09047
  12.6  1.59047  0.03535 -0.09005
  12.7  1.59140  0.03610 -0.08963
  12.8  1.59227  0.03685 -0.08921
  12.9  1.59308  0.03761 -0.08879
  13.0  1.59385  0.03839 -0.08837
  13.1  1.59456  0.03918 -0.08795
  13.2  1.59522  0.03998 -0.08753
  13.3  1.59583  0.04080 -0.08712
  13.4  1.59640  0.04162 -0.08670
  13.5  1.59692  0.04246 -0.08628
  13.6  1.59739  0.04332 -0.08586
  13.7  1.59781  0.04418 -0.08544
  13.8  1.59819  0.04506 -0.08502
  13.9  1.59853  0.04595 -0.08460
  14.0  1.59883  0.04686 -0.08419
  14.1  1.59909  0.04778 -0.08377
  14.2  1.59932  0.04871 -0.08335
  14.3  1.59950  0.04965 -0.08293
  14.4  1.59966  0.05061 -0.08251
  14.5  1.59978  0.05159 -0.08209
  14.6  1.59987  0.05257 -0.08167
  14.7  1.59994  0.05357 -0.08126
  14.8  1.59998  0.05459 -0.08084
  14.9  1.60000  0.05562 -0.08042
  15.0  1.60000  0.05666 -0.08000
  15.1  1.53998  0.05879 -0.08080
  15.2  1.53988  0.06094 -0.08160
  15.3  1.53969  0.06311 -0.08240
  15.4  1.53940  0.06530 -0.08320
  15.5  1.53900  0.06752 -0.08400
  15.6  1.53848  0.06975 -0.08480
  15.7  1.53783  0.07201 -0.08560
  15.8  1.53705  0.07429 -0.08640
  15.9  1.53613  0.07658 -0.08720
  16.0  1.53506  0.07890 -0.08800
  16.1  1.53385  0.08124 -0.08880
  16.2  1.53249  0.08361 -0.08960
  16.3  1.53097  0.08599 -0.09040
  16.4  1.52930  0.08839 -0.09120
  16.5  1.52746  0.09082 -0.09200
  16.6  1.52545  0.09326 -0.09280
  16.7  1.52327  0.09573 -0.09360
  16.8  1.52092  0.09821 -0.09440
  16.9  1.51840  0.10072 -0.09520
  17.0  1.51569  0.10324 -0.09600
  17.1  1.51280  0.10579 -0.09680
  17.2  1.50973  0.10836 -0.09760
  17.3  1.50647  0.11094 -0.09840
  17.4  1.50303  0.11355 -0.09920
  17.5  1.49939  0.11618 -0.10000
  17.6  1.49555  0.11882 -0.10080
  17.7  1.49152  0.12149 -0.10160
  17.8  1.48729  0.12417 -0.10240
  17.9  1.48286  0.12688 -0.10320
  18.0  1.47823  0.12960 -0.10400
  18.1  1.47339  0.13235 -0.10480
  18.2  1.46835  0.13511 -0.10560
  18.3  1.46309  0.13789 -0.10640
  18.4  1.45762  0.14070 -0.10720
  18.5  1.45194  0.14352 -0.10800
  18.6  1.44605  0.14635 -0.10880
  18.7  1.43994  0.14921 -0.10960
  18.8  1.43361  0.15209 -0.11040
  18.9  1.42706  0.15498 -0.11120
  19.0  1.42029  0.15790 -0.11200
  19.1  1.41329  0.16083 -0.11280
  19.2  1.40607  0.16378 -0.11360
  19.3  1.39862  0.16675 -0.11440
  19.4  1.39095  0.16973 -0.11520
  19.5  1.38304  0.17274 -0.11600
  19.6  1.37490  0.17576 -0.11680
  19.7  1.36653  0.17880 -0.11760
  19.8  1.35792  0.18185 -0.11840
  19.9  1.34908  0.18493 -0.11920
  20.0  1.34000  0.18802 -0.12000
  21.0  1.32933  0.21985 -0.13608
  22.0  1.31869  0.25326 -0.15147
  23.0  1.30815  0.28810 -0.16622
  24.0  1.29772  0.32421 -0.18038
  25.0  1.28747  0.36142 -0.19398
  26.0  1.27742  0.39954 -0.20708
  27.0  1.26762  0.43836 -0.21971
  28.0  1.25810  0.47767 -0.23193
  29.0  1.24891  0.51722 -0.24376
  30.0  1.24008  0.55679 -0.25523
  31.0  1.23164  0.59609 -0.26638
  32.0  1.22363  0.63487 -0.27721
  33.0  1.21608  0.67282 -0.28774
  34.0  1.20901  0.70964 -0.29796
  35.0  1.20247  0.74502 -0.30785
  36.0  1.19646  0.77861 -0.31738
  37.0  1.19103  0.80786 -0.32627
  38.0  1.18618  0.82508 -0.33360
  39.0  1.18194  0.84206 -0.34049
  40.0  1.17832  0.85877 -0.34693
  41.0  1.17534  0.87523 -0.35294
  42.0  1.17301  0.89142 -0.35852
  43.0  1.17134  0.90733 -0.36368
  44.0  1.17034  0.92297 -0.36840
  45.0  1.17000  0.93833 -0.37270
  46.0  1.16929  0.95340 -0.37452
  47.0  1.16715  0.96819 -0.37602
  48.0  1.16359  0.98267 -0.37722
  49.0  1.15861  0.99686 -0.37812
  50.0  1.15223  1.01075 -0.37873
  51.0  1.14443  1.02433 -0.37907
  52.0  1.13525  1.03759 -0.37914
  53.0  1.12468  1.05054 -0.37896
  54.0  1.11274  1.06317 -0.37854
  55.0  1.09944  1.07547 -0.37790
  56.0  1.08481  1.08745 -0.37704
  57.0  1.06885  1.09910 -0.37598
  58.0  1.05159  1.11041 -0.37473
  59.0  1.03305  1.12138 -0.37332
  60.0  1.01325  1.13201 -0.37174
  61.0  0.99222  1.14230 -0.37003
  62.0  0.96997  1.15224 -0.36819
  63.0  0.94655  1.16183 -0.36623
  64.0  0.92197  1.17106 -0.36418
  65.0  0.89627  1.17994 -0.36204
  66.0  0.86948  1.18845 -0.35984
  67.0  0.84163  1.19661 -0.35758
  68.0  0.81275  1.20440 -0.35529
  69.0  0.78288  1.21183 -0.35297
  70.0  0.75206  1.21888 -0.35065
  71.0  0.72032  1.22557 -0.34833
  72.0  0.68771  1.23188 -0.34602
  73.0  0.65426  1.23781 -0.34375
  74.0  0.62001  1.24337 -0.34153
  75.0  0.58500  1.24855 -0.33935
  76.0  0.54928  1.25335 -0.33725
  77.0  0.51289  1.25777 -0.33523
  78.0  0.47588  1.26180 -0.33329
  79.0  0.43829  1.26545 -0.33146
  80.0  0.40016  1.26872 -0.32973
  81.0  0.36155  1.27159 -0.32812
  82.0  0.32250  1.27408 -0.32664
  83.0  0.28305  1.27619 -0.32529
  84.0  0.24326  1.27790 -0.32408
  85.0  0.20317  1.27923 -0.32302
  86.0  0.16283  1.28016 -0.32210
  87.0  0.12230  1.28071 -0.32134
  88.0  0.08161  1.28086 -0.32073
  89.0  0.04083  1.28063 -0.32029
  90.0 -0.00000  1.28000 -0.32000
  91.0 -0.04083  1.28063 -0.32029
  92.0 -0.08162  1.28086 -0.32073
  93.0 -0.12230  1.28071 -0.32134
  94.0 -0.16283  1.28016 -0.32210
  95.0 -0.20317  1.27923 -0.32302
  96.0 -0.24326  1.27790 -0.32408
  97.0 -0.28305  1.27619 -0.32529
  98.0 -0.32250  1.27408 -0.32664
  99.0 -0.36155  1.27159 -0.32812
 100.0 -0.40016  1.26872 -0.32973
 101.0 -0.43829  1.26545 -0.33146
 102.0 -0.47588  1.26180 -0.33329
 103.0 -0.51289  1.25777 -0.33523
 104.0 -0.54928  1.25335 -0.33725
 105.0 -0.58500  1.24855 -0.33935
 106.0 -0.62001  1.24337 -0.34153
 107.0 -0.65426  1.23781 -0.34375
 108.0 -0.68771  1.23188 -0.34602
 109.0 -0.72032  1.22557 -0.34833
 110.0 -0.75206  1.21888 -0.35065
 111.0 -0.78288  1.21183 -0.35297
 112.0 -0.81275  1.20440 -0.35529
 113.0 -0.84163  1.19661 -0.35758
 114.0 -0.86948  1.18845 -0.35984
 115.0 -0.89627  1.17994 -0.36204
 116.0 -0.92197  1.17106 -0.36418
 117.0 -0.94655  1.16183 -0.36623
 118.0 -0.96997  1.15224 -0.36819
 119.0 -0.99222  1.14230 -0.37003
 120.0 -1.01325  1.13201 -0.37174
 121.0 -1.03305  1.12138 -0.37332
 122.0 -1.05159  1.11041 -0.37473
 123.0 -1.06885  1.09910 -0.37598
 124.0 -1.08481  1.08745 -0.37704
 125.0 -1.09944  1.07547 -0.37790
 126.0 -1.11274  1.06317 -0.37854
 127.0 -1.12468  1.05054 -0.37896
 128.0 -1.13525  1.03759 -0.37914
 129.0 -1.14443  1.02432 -0.37907
 130.0 -1.15223  1.01075 -0.37873
 131.0 -1.15861  0.99686 -0.37812
 132.0 -1.16359  0.98267 -0.37722
 133.0 -1.16715  0.96819 -0.37602
 134.0 -1.16929  0.95340 -0.37452
 135.0 -1.17000  0.93833 -0.37270
 136.0 -1.16763  0.92297 -0.37027
 137.0 -1.16051  0.90733 -0.36689
 138.0 -1.14869  0.89141 -0.36253
 139.0 -1.13221  0.87523 -0.35717
 140.0 -1.11112  0.85877 -0.35079
 141.0 -1.08552  0.84206 -0.34338
 142.0 -1.05551  0.82508 -0.33493
 143.0 -1.02120  0.80786 -0.32544
 144.0 -0.98273  0.79039 -0.31491
 145.0 -0.94025  0.77268 -0.30335
 146.0 -0.89393  0.75473 -0.29078
 147.0 -0.84395  0.73656 -0.27724
 148.0 -0.79051  0.71815 -0.26274
 149.0 -0.73382  0.69954 -0.24732
 150.0 -0.67411  0.68070 -0.23104
 151.0 -0.61160  0.66166 -0.21392
 152.0 -0.54655  0.64242 -0.19604
 153.0 -0.47921  0.62298 -0.17745
 154.0 -0.40985  0.60336 -0.15822
 155.0 -0.33875  0.58355 -0.13841
 156.0 -0.26617  0.56356 -0.11810
 157.0 -0.19242  0.54340 -0.09736
 158.0 -0.11778  0.52307 -0.07629
 159.0 -0.04254  0.50259 -0.05496
 160.0  0.03300  0.48195 -0.03346
 161.0  0.01380  0.46117 -0.03427
 162.0 -0.00334  0.44024 -0.03480
 163.0 -0.01849  0.41918 -0.03506
 164.0 -0.03169  0.39799 -0.03504
 165.0 -0.04303  0.37669 -0.03476
 166.0 -0.05255  0.35526 -0.03423
 167.0 -0.06035  0.33373 -0.03347
 168.0 -0.06651  0.31210 -0.03249
 169.0 -0.07111  0.29037 -0.03130
 170.0 -0.07429  0.26856 -0.02995
 171.0 -0.07616  0.24666 -0.02845
 172.0 -0.07693  0.22468 -0.02686
 173.0 -0.10695  0.20264 -0.03271
 174.0 -0.06741  0.18054 -0.02148
 175.0  0.03512  0.15838  0.00529
 176.0  0.11440  0.13617  0.02616
 177.0  0.18205  0.11393  0.04396
 178.0  0.24970  0.09164  0.06159
 179.0  0.31735  0.06933  0.07902
 180.0  0.38500  0.04700  0.09625
