Iteration	CPUTime	PhysTime	Travels	Value	AvValue	MinValue	MaxValue	Delta	Criteria	Progress	dGMaxMin	CriteriaType	CriteriaVarType	CriteriaPercentage
1	12	0	0.00596481547	-20.0018876	-20.0018876	-20.0018876	-20.0018876	0	0	0	0	0	0	0	3
2	18	0	0.0119296309	-20.003117	-20.0025023	-20.003117	-20.0018876	0.00061468182	0	0	0	0	0	0	3
3	22	0	0.0178944464	-20.0031855	-20.0027301	-20.0031855	-20.0018876	0.000842401612	0	0	0	0	0	0	3
4	26	0	0.0238592619	-20.0033928	-20.0028957	-20.0033928	-20.0018876	0.0010080783	0	0	0	0	0	0	3
5	34	0	0.0298240773	-20.003545	-20.0030256	-20.003545	-20.0018876	0.00113794099	0	0	0	0	0	0	3
6	39	0	0.0357888928	-20.0039092	-20.0031729	-20.0039092	-20.0018876	0.00128520848	0	0	0	0	0	0	3
7	43	0	0.0417537083	-20.0043158	-20.0033361	-20.0043158	-20.0018876	0.00144849065	0	0	0	0	0	0	3
8	48	0	0.0477185237	-20.0047916	-20.0035181	-20.0047916	-20.0018876	0.00163042379	0	0	0	0	0	0	3
9	52	0	0.0536833392	-20.0052469	-20.0037102	-20.0052469	-20.0018876	0.00182251363	0	0	0	0	0	0	3
10	56	0	0.0596481547	-20.0057154	-20.0039107	-20.0057154	-20.0018876	0.00202303889	0	0	0	0	0	0	3
11	60	0	0.0656129701	-20.0062346	-20.0041219	-20.0062346	-20.0018876	0.00223429921	0	0	0	0	0	0	3
12	64	0	0.0715777856	-20.0067533	-20.0043412	-20.0067533	-20.0018876	0.00245357535	0	0	0	0	0	0	3
13	69	0	0.0775426011	-20.0072374	-20.004564	-20.0072374	-20.0018876	0.00267635998	0	0	0	0	0	0	3
14	73	0	0.0835074165	-20.0076728	-20.0047861	-20.0076728	-20.0018876	0.00289841927	0	0	0	0	0	0	3
15	78	0	0.089472232	-20.0080617	-20.0050044	-20.0080617	-20.0018876	0.00311679333	0	0	0	0	0	0	3
16	82	0	0.0954370475	-20.0086127	-20.00523	-20.0086127	-20.0018876	0.00334230738	0	0	0	0	0	0	3
17	87	0	0.101401863	-20.0090868	-20.0054568	-20.0090868	-20.0018876	0.00356918166	0	0	0	0	0	0	3
18	91	0	0.107366678	-20.0095045	-20.0056817	-20.0095045	-20.0018876	0.00379404985	0	0	0	0	0	0	3
19	96	0	0.113331494	-20.0098995	-20.0059037	-20.0098995	-20.0018876	0.00401604125	0	0	0	0	0	0	3
20	100	0	0.119296309	-20.0102719	-20.0061221	-20.0102719	-20.0018876	0.00423445306	0	0	0	0	0	0	3
21	104	0	0.125261125	-20.0108206	-20.0063458	-20.0108206	-20.0018876	0.00445819168	0	0	0	0	0	0	3
22	109	0	0.13122594	-20.0113371	-20.0065727	-20.0113371	-20.0018876	0.00468506927	0	0	0	0	0	0	3
23	113	0	0.137190756	-20.0118596	-20.0068026	-20.0118596	-20.0018876	0.00491493181	0	0	0	0	0	0	3
24	117	0	0.143155571	-20.0124096	-20.0070362	-20.0124096	-20.0018876	0.00514855809	0	0	0	0	0	0	3
25	121	0	0.149120387	-20.0129785	-20.0072739	-20.0129785	-20.0018876	0.00538624968	0	0	0	0	0	0	3
26	126	0	0.155085202	-20.0138738	-20.0075277	-20.0138738	-20.0018876	0.00564009062	0	0	0	0	0	0	3
27	130	0	0.161050018	-20.0147576	-20.0077955	-20.0147576	-20.0018876	0.00590786395	0	0	0	0	0	0	3
28	135	0	0.167014833	-20.0156369	-20.0080756	-20.0156369	-20.0018876	0.00618791234	0	0	0	0	0	0	3
29	139	0	0.172979649	-20.0165678	-20.0083684	-20.0165678	-20.0018876	0.00648074865	0	0	0	0	0	0	3
30	143	0	0.178944464	-20.0175719	-20.0086752	-20.0175719	-20.0018876	0.00678753135	0	0	0	0	0	0	3
31	148	0	0.184909279	-20.0190995	-20.0090114	-20.0190995	-20.0018876	0.00712379908	0	0	0	0	0	0	3
32	152	0	0.190874095	-20.0206122	-20.009374	-20.0206122	-20.0018876	0.00748632177	0	0	0	0	0	0	3
33	156	0	0.19683891	-20.0220661	-20.0097586	-20.0220661	-20.0018876	0.00787093114	0	0	0	0	0	0	3
34	160	0	0.202803726	-20.0233693	-20.0101589	-20.0233693	-20.0018876	0.00827124537	0	0	0	0	0	0	3
35	164	0	0.208768541	-20.0244765	-20.010568	-20.0244765	-20.0018876	0.00868032078	0	0	0	0	0	0	3
36	169	0	0.214733357	-20.0255831	-20.0109851	-20.0255831	-20.0018876	0.00909740745	0	0	0	0	0	0	3
37	173	0	0.220698172	-20.0260182	-20.0113914	-20.0260182	-20.0018876	0.00950370926	0	0	0	0	0	0	3
38	178	0	0.226662988	-20.0259687	-20.011775	-20.0260182	-20.0018876	0.0098873235	0	0	0	0	0	0	3
39	182	0	0.232627803	-20.0255019	-20.0121269	-20.0260182	-20.0018876	0.0102392954	0	0	0	0	0	0	3
40	186	0	0.238592619	-20.0249309	-20.012447	-20.0260182	-20.0018876	0.0105593944	0	0	0	0	0	0	3
41	191	0	0.244557434	-20.0240297	-20.0127295	-20.0260182	-20.0018876	0.0108418988	0	0	0	0	0	0	3
42	195	0	0.25052225	-20.0232252	-20.0129794	-20.0260182	-20.0018876	0.0110917946	0	0	0	0	0	0	3
43	200	0	0.256487065	-20.0225521	-20.0132021	-20.0260182	-20.0018876	0.0113144138	0	0	0	0	0	0	3
44	205	0	0.262451881	-20.0220116	-20.0134023	-20.0260182	-20.0018876	0.0115146297	0	0	0	0	0	0	3
45	209	0	0.268416696	-20.0215589	-20.0135835	-20.0260182	-20.0018876	0.0116958872	0	0	0	0	0	0	3
46	213	0	0.274381511	-20.0210926	-20.0137468	-20.0260182	-20.0018876	0.0118591286	0	0	0	0	0	0	3
47	218	0	0.280346327	-20.0206952	-20.0138946	-20.0260182	-20.0018876	0.0120069665	0	0	0	0	0	0	3
48	222	0	0.286311142	-20.0203033	-20.0140281	-20.0260182	-20.0018876	0.0121404799	0	0	0	0	0	0	3
49	227	0	0.292275958	-20.01995	-20.014149	-20.0260182	-20.0018876	0.0122613347	0	0	0	0	0	0	3
50	293	0	0.298240773	-20.0195491	-20.014257	-20.0260182	-20.0018876	0.0123693365	0	0	0	0	0	0	3
51	298	0	0.304205589	-20.0191135	-20.0143522	-20.0260182	-20.0018876	0.012464563	0	0	0	0	0	0	3
52	307	0	0.310170404	-20.0186921	-20.0144357	-20.0260182	-20.0018876	0.0125480228	0	0	0	0	0	0	3
53	312	0	0.31613522	-20.0183514	-20.0145096	-20.0260182	-20.0018876	0.0126219042	0	0	0	0	0	0	3
54	317	0	0.322100035	-20.0180365	-20.0145749	-20.0260182	-20.0018876	0.0126872174	0	0	0	0	0	0	3
55	321	0	0.328064851	-20.0177913	-20.0146333	-20.0260182	-20.0018876	0.0127456975	0	0	0	0	0	0	3
56	326	0	0.334029666	-20.0175537	-20.0146855	-20.0260182	-20.0018876	0.0127978474	0	0	0	0	0	0	3
57	331	0	0.339994482	-20.0173674	-20.0147325	-20.0260182	-20.0018876	0.0128448984	0	0	0	0	0	0	3
58	335	0	0.345959297	-20.0172449	-20.0147759	-20.0260182	-20.0018876	0.0128882149	0	0	0	0	0	0	3
59	340	0	0.351924113	-20.0170188	-20.0148139	-20.0260182	-20.0018876	0.0129262307	0	0	0	0	0	0	3
60	344	0	0.357888928	-20.0168648	-20.0148481	-20.0260182	-20.0018876	0.0129604123	0	0	0	0	0	0	3
61	349	0	0.363853743	-20.0168632	-20.0148811	-20.0260182	-20.0018876	0.0129934468	0	0	0	0	0	0	3
62	353	0	0.369818559	-20.0168622	-20.014913	-20.0260182	-20.0018876	0.0130253999	0	0	0	0	0	0	3
63	358	0	0.375783374	-20.0168045	-20.0149431	-20.0260182	-20.0018876	0.0130554224	0	0	0	0	0	0	3
64	362	0	0.38174819	-20.0166788	-20.0149702	-20.0260182	-20.0018876	0.0130825424	0	0	0	0	0	0	3
65	366	0	0.387713005	-20.0165368	-20.0149943	-20.0260182	-20.0018876	0.0131066443	0	0	0	0	0	0	3
66	370	0	0.393677821	-20.0164388	-20.0150162	-20.0260182	-20.0018876	0.0131285314	0	0	0	0	0	0	3
67	374	0	0.399642636	-20.0162932	-20.0150352	-20.0260182	-20.0018876	0.0131475921	0	0	0	0	0	0	3
68	378	0	0.405607452	-20.0161265	-20.0150513	-20.0260182	-20.0018876	0.0131636403	0	0	0	0	0	0	3
69	383	0	0.411572267	-20.0160423	-20.0150657	-20.0260182	-20.0018876	0.013178003	0	0	0	0	0	0	3
70	387	0	0.417537083	-20.0159734	-20.0150786	-20.0260182	-20.0018876	0.0131909712	0	0	0	0	0	0	3
71	392	0	0.423501898	-20.0159124	-20.0150904	-20.0260182	-20.0018876	0.0132027152	0	0	0	0	0	0	3
72	396	0	0.429466714	-20.0160497	-20.0151037	-20.0260182	-20.0018876	0.0132160389	0	0	0	0	0	0	3
73	400	0	0.435431529	-20.016073	-20.015117	-20.0260182	-20.0018876	0.0132293176	0	0	0	0	0	0	3
74	404	0	0.441396345	-20.0160778	-20.01513	-20.0260182	-20.0018876	0.0132423021	0	0	0	0	0	0	3
75	408	0	0.44736116	-20.0159762	-20.0151412	-20.0260182	-20.0018876	0.0132535848	0	0	0	0	0	0	3
76	412	0	0.453325975	-20.0158905	-20.0151511	-20.0260182	-20.0018876	0.0132634441	0	0	0	0	0	0	3
77	416	0	0.459290791	-20.0158343	-20.01516	-20.0260182	-20.0018876	0.0132723165	0	0	0	0	0	0	3
78	421	0	0.465255606	-20.0158087	-20.0151683	-20.0260182	-20.0018876	0.0132806341	0	0	0	0	0	0	3
79	426	0	0.471220422	-20.0158317	-20.0151767	-20.0260182	-20.0018876	0.0132890322	0	0	0	0	0	0	3
80	431	0	0.477185237	-20.0160209	-20.0151872	-20.0260182	-20.0018876	0.0132995852	0	0	0	0	0	0	3
81	435	0	0.483150053	-20.0161086	-20.0151986	-20.0260182	-20.0018876	0.01331096	0	0	0	0	0	0	3
82	440	0	0.489114868	-20.0161775	-20.0152105	-20.0260182	-20.0018876	0.0133228976	0	0	0	0	0	0	3
83	445	0	0.495079684	-20.0161584	-20.015222	-20.0260182	-20.0018876	0.0133343171	0	0	0	0	0	0	3
84	449	0	0.501044499	-20.0161657	-20.0152332	-20.0260182	-20.0018876	0.0133455524	0	0	0	0	0	0	3
85	454	0	0.507009315	-20.0161251	-20.0154027	-20.0260182	-20.003117	0.0129003635	0	0	0	0	0	0	3
86	458	0	0.51297413	-20.0162487	-20.015559	-20.0260182	-20.0031855	0.0128289739	0	0	0	0	0	0	3
87	463	0	0.518938946	-20.0162878	-20.015715	-20.0260182	-20.0033928	0.0128192766	0	0	0	0	0	0	3
88	467	0	0.524903761	-20.0163179	-20.0158689	-20.0260182	-20.003545	0.0128432852	0	0	0	0	0	0	3
89	472	0	0.530868577	-20.0163073	-20.0160208	-20.0260182	-20.0039092	0.0128479492	0	0	0	0	0	0	3
90	476	0	0.536833392	-20.0163218	-20.0161686	-20.0260182	-20.0043158	0.0128324358	0	0	0	0	0	0	3
91	481	0	0.542798207	-20.0164048	-20.0163125	-20.0260182	-20.0047916	0.0127944184	0	0	0	0	0	0	3
92	485	0	0.548763023	-20.0165713	-20.0164527	-20.0260182	-20.0052469	0.0127425628	0	0	0	0	0	0	3
93	490	0	0.554727838	-20.0166164	-20.0165881	-20.0260182	-20.0057154	0.0126773894	0	0	0	0	0	0	3
94	494	0	0.560692654	-20.0165582	-20.0167172	-20.0260182	-20.0062346	0.0125952101	0	0	0	0	0	0	3
95	499	0	0.566657469	-20.0165987	-20.0168405	-20.0260182	-20.0067533	0.0124993173	0	0	0	0	0	0	3
96	503	0	0.572622285	-20.0167178	-20.0169592	-20.0260182	-20.0072374	0.0123951586	0	0	0	0	0	0	3
97	508	0	0.5785871	-20.0168805	-20.017074	-20.0260182	-20.0076728	0.0122878978	0	0	0	0	0	0	3
98	512	0	0.584551916	-20.0171254	-20.0171865	-20.0260182	-20.0080617	0.0121820545	0	0	0	0	0	0	3
99	517	0	0.590516731	-20.0173957	-20.0172976	-20.0260182	-20.0086127	0.01206766	0	0	0	0	0	0	3
100	521	0	0.596481547	-20.0176801	-20.0174056	-20.0260182	-20.0090868	0.0119487311	0	0	0	0	0	0	3
101	528	0	0.602446362	-20.0178697	-20.0175101	-20.0260182	-20.0095045	0.011828421	0	0	0	0	0	0	3
102	533	0	0.608411178	-20.0179156	-20.0176103	-20.0260182	-20.0098995	0.0117065627	0	0	0	0	0	0	3
103	538	0	0.614375993	-20.017846	-20.0177049	-20.0260182	-20.0102719	0.011582752	0	0	0	0	0	0	3
104	542	0	0.620340808	-20.0177465	-20.0177938	-20.0260182	-20.0108206	0.011447997	0	0	0	0	0	0	3
105	547	0	0.626305624	-20.0176472	-20.0178751	-20.0260182	-20.0113371	0.0113023884	0	0	0	0	0	0	3
106	551	0	0.632270439	-20.0175145	-20.0179486	-20.0260182	-20.0118596	0.0111460654	0	0	0	0	0	0	3
107	556	0	0.638235255	-20.0173893	-20.0180145	-20.0260182	-20.0124096	0.0109782689	0	0	0	0	0	0	3
108	560	0	0.64420007	-20.0173946	-20.0180738	-20.0260182	-20.0129785	0.0107999218	0	0	0	0	0	0	3
109	565	0	0.650164886	-20.0174584	-20.0181272	-20.0260182	-20.0138738	0.0105994135	0	0	0	0	0	0	3
110	569	0	0.656129701	-20.0174808	-20.0181701	-20.0260182	-20.0147576	0.0103745816	0	0	0	0	0	0	3
111	574	0	0.662094517	-20.0174683	-20.0182024	-20.0260182	-20.0156369	0.0101268033	0	0	0	0	0	0	3
112	579	0	0.668059332	-20.0176289	-20.0182261	-20.0260182	-20.0158087	0.0098576811	0	0	0	0	0	0	3
113	583	0	0.674024148	-20.0177303	-20.0182399	-20.0260182	-20.0158087	0.0095647378	0	0	0	0	0	0	3
114	588	0	0.679988963	-20.0177425	-20.0182419	-20.0260182	-20.0158087	0.00923050145	0	0	0	0	0	0	3
115	592	0	0.685953779	-20.0175855	-20.0182239	-20.0260182	-20.0158087	0.00886797877	0	0	0	0	0	0	3
116	597	0	0.691918594	-20.0174787	-20.0181866	-20.0260182	-20.0158087	0.0084833694	0	0	0	0	0	0	3
117	602	0	0.69788341	-20.0174273	-20.0181314	-20.0260182	-20.0158087	0.00808305516	0	0	0	0	0	0	3
118	606	0	0.703848225	-20.01739	-20.0180602	-20.0260182	-20.0158087	0.00767397975	0	0	0	0	0	0	3
119	611	0	0.70981304	-20.0171843	-20.0179734	-20.0260182	-20.0158087	0.00725689309	0	0	0	0	0	0	3
120	615	0	0.715777856	-20.0170176	-20.0178714	-20.0260182	-20.0158087	0.00685059127	0	0	0	0	0	0	3
121	620	0	0.721742671	-20.0169092	-20.017763	-20.0259687	-20.0158087	0.00646697703	0	0	0	0	0	0	3
122	625	0	0.727707487	-20.0168098	-20.017654	-20.0255019	-20.0158087	0.00611500511	0	0	0	0	0	0	3
123	629	0	0.733672302	-20.0167377	-20.0175496	-20.0249309	-20.0158087	0.00579490614	0	0	0	0	0	0	3
124	634	0	0.739637118	-20.0168967	-20.017454	-20.0240297	-20.0158087	0.00551240171	0	0	0	0	0	0	3
125	638	0	0.745601933	-20.0171471	-20.017372	-20.0232252	-20.0158087	0.00526250592	0	0	0	0	0	0	3
126	643	0	0.751566749	-20.0172327	-20.0173007	-20.0225521	-20.0158087	0.0050398867	0	0	0	0	0	0	3
127	648	0	0.757531564	-20.0172027	-20.017237	-20.0220116	-20.0158087	0.00483967086	0	0	0	0	0	0	3
128	652	0	0.76349638	-20.0172543	-20.0171804	-20.0215589	-20.0158087	0.00465841338	0	0	0	0	0	0	3
129	657	0	0.769461195	-20.0172839	-20.0171295	-20.0210926	-20.0158087	0.00449517197	0	0	0	0	0	0	3
130	661	0	0.775426011	-20.0172084	-20.0170833	-20.0206952	-20.0158087	0.00434733402	0	0	0	0	0	0	3
131	666	0	0.781390826	-20.0171549	-20.0170411	-20.0203033	-20.0158087	0.00421382065	0	0	0	0	0	0	3
132	670	0	0.787355642	-20.0170851	-20.0170028	-20.01995	-20.0158087	0.00409296587	0	0	0	0	0	0	3
133	675	0	0.793320457	-20.0170162	-20.0169679	-20.0195491	-20.0158087	0.00374033999	0	0	0	0	0	0	3
134	679	0	0.799285272	-20.0169835	-20.0169373	-20.0191135	-20.0158087	0.00330480142	0	0	0	0	0	0	3
135	684	0	0.805250088	-20.0168571	-20.0169105	-20.0186921	-20.0158087	0.00288338927	0	0	0	0	0	0	3
136	689	0	0.811214903	-20.016813	-20.0168881	-20.0183514	-20.0158087	0.0025426497	0	0	0	0	0	0	3
137	693	0	0.817179719	-20.0168131	-20.0168698	-20.0180365	-20.0158087	0.00222773442	0	0	0	0	0	0	3
138	698	0	0.823144534	-20.0169604	-20.016857	-20.0179156	-20.0158087	0.00210690453	0	0	0	0	0	0	3
139	702	0	0.82910935	-20.0170685	-20.0168484	-20.0179156	-20.0158087	0.00210690453	0	0	0	0	0	0	3
140	707	0	0.835074165	-20.0171579	-20.0168437	-20.0179156	-20.0158087	0.00210690453	0	0	0	0	0	0	3
141	712	0	0.841038981	-20.0172611	-20.0168424	-20.0179156	-20.0158087	0.00210690453	0	0	0	0	0	0	3
142	716	0	0.847003796	-20.0174123	-20.0168444	-20.0179156	-20.0158087	0.00210690453	0	0	0	0	0	0	3
143	721	0	0.852968612	-20.0175048	-20.0168502	-20.0179156	-20.0158087	0.00210690453	0	0	0	0	0	0	3
144	726	0	0.858933427	-20.0176161	-20.0168591	-20.0179156	-20.0158087	0.00210690453	0	0	0	0	0	0	3
145	730	0	0.864898243	-20.0176476	-20.0168685	-20.0179156	-20.0158087	0.00210690453	0	0	0	0	0	0	3
146	735	0	0.870863058	-20.0176706	-20.0168781	-20.0179156	-20.0158087	0.00210690453	0	0	0	0	0	0	3
147	740	0	0.876827874	-20.0177544	-20.0168894	-20.0179156	-20.0158087	0.00210690453	0	0	0	0	0	0	3
148	744	0	0.882792689	-20.0178442	-20.0169033	-20.0179156	-20.0158087	0.00210690453	0	0	0	0	0	0	3
149	749	0	0.888757504	-20.0178069	-20.0169184	-20.0179156	-20.0158087	0.00210690453	0	0	0	0	0	0	3
150	753	0	0.89472232	-20.0177142	-20.0169336	-20.0179156	-20.0158087	0.00210690453	0	0	0	0	0	0	3
151	758	0	0.900687135	-20.0177215	-20.0169506	-20.0179156	-20.0158087	0.00210690453	0	0	0	0	0	0	3
152	762	0	0.906651951	-20.0177105	-20.0169694	-20.0179156	-20.0158087	0.00210690453	0	0	0	0	0	0	3
153	767	0	0.912616766	-20.0176479	-20.0169885	-20.0179156	-20.0158087	0.00210690453	0	0	0	0	0	0	3
154	771	0	0.918581582	-20.0174989	-20.0170067	-20.0179156	-20.0158087	0.00210690453	0	0	0	0	0	0	3
155	776	0	0.924546397	-20.0173913	-20.0170243	-20.0179156	-20.0158087	0.00210690453	0	0	0	0	0	0	3
156	781	0	0.930511213	-20.0172907	-20.0170391	-20.0179156	-20.0158087	0.00210690453	0	0	0	0	0	0	3
157	785	0	0.936476028	-20.0171343	-20.0170517	-20.0179156	-20.0158087	0.00210690453	0	0	0	0	0	0	3
158	790	0	0.942440844	-20.0169894	-20.0170626	-20.0179156	-20.0158087	0.00210690453	0	0	0	0	0	0	3
159	795	0	0.948405659	-20.0168103	-20.0170725	-20.0179156	-20.0158087	0.00210690453	0	0	0	0	0	0	3
160	799	0	0.954370475	-20.0167191	-20.0170824	-20.0179156	-20.0158087	0.00210690453	0	0	0	0	0	0	3
161	804	0	0.96033529	-20.0166325	-20.0170919	-20.0179156	-20.0158087	0.00210690453	0	0	0	0	0	0	3
162	809	0	0.966300106	-20.0165463	-20.0171006	-20.0179156	-20.0158317	0.00208390291	0	0	0	0	0	0	3
163	813	0	0.972264921	-20.016466	-20.0171082	-20.0179156	-20.0160209	0.0018947193	0	0	0	0	0	0	3
164	818	0	0.978229736	-20.0165522	-20.0171145	-20.0179156	-20.0161086	0.00180704927	0	0	0	0	0	0	3
165	822	0	0.984194552	-20.0166554	-20.017121	-20.0179156	-20.0161251	0.00179058859	0	0	0	0	0	0	3
166	827	0	0.990159367	-20.0166755	-20.017127	-20.0179156	-20.0161251	0.00179058859	0	0	0	0	0	0	3
167	831	0	0.996124183	-20.0166974	-20.0171334	-20.0179156	-20.0161251	0.00179058859	0	0	0	0	0	0	3
168	836	0	1.002089	-20.0166799	-20.0171395	-20.0179156	-20.0161251	0.00179058859	0.000684982002	0	38.2	0	0	0	3
169	841	0	1.00805381	-20.016653	-20.0171458	-20.0179156	-20.0162487	0.00166688905	0.000684982002	0	41	0	0	0	3
170	846	0	1.01401863	-20.0165384	-20.0171492	-20.0179156	-20.0162878	0.00162787709	0.000684982002	0	42	0	0	0	3
171	850	0	1.01998344	-20.0165382	-20.0171522	-20.0179156	-20.0163073	0.00160835233	0.000684982002	0	42.5	0	0	0	3
172	855	0	1.02594826	-20.0164986	-20.0171544	-20.0179156	-20.0163073	0.00160835233	0.000684982002	0	42.5	0	0	0	3
173	859	0	1.03191308	-20.01647	-20.0171563	-20.0179156	-20.0163218	0.00159386949	0.000684982002	0	42.9	0	0	0	3
174	864	0	1.03787789	-20.0166938	-20.0171607	-20.0179156	-20.0164048	0.00151088076	0.000684982002	0	45.3	0	0	0	3
175	869	0	1.04384271	-20.0170067	-20.0171679	-20.0179156	-20.016466	0.00144967586	0.000684982002	0	47.2	0	0	0	3
176	873	0	1.04980752	-20.0172485	-20.0171759	-20.0179156	-20.016466	0.00144967586	0.000684982002	0	47.2	0	0	0	3
177	878	0	1.05577234	-20.0175202	-20.0171867	-20.0179156	-20.016466	0.00144967586	0.000684982002	0	47.2	0	0	0	3
178	883	0	1.06173715	-20.0177173	-20.0172005	-20.0179156	-20.016466	0.00140140793	0.000684982002	0	48.8	0	0	0	3
179	888	0	1.06770197	-20.0178964	-20.017216	-20.0179156	-20.016466	0.00139955988	0.000684982002	0	48.9	0	0	0	3
180	892	0	1.07366678	-20.0178867	-20.0172299	-20.0179156	-20.016466	0.00139955988	0.000684982002	0	48.9	0	0	0	3
181	897	0	1.0796316	-20.0176528	-20.0172391	-20.0179156	-20.016466	0.00139955988	0.000684982002	0	48.9	0	0	0	3
182	901	0	1.08559641	-20.0175531	-20.0172442	-20.0179156	-20.016466	0.00139955988	0.000684982002	0	48.9	0	0	0	3
183	906	0	1.09156123	-20.017465	-20.017245	-20.0179156	-20.016466	0.00139955988	0.000684982002	0	48.9	0	0	0	3
184	911	0	1.09752605	-20.0173501	-20.0172411	-20.0179156	-20.016466	0.00139955988	0.000684982002	0	48.9	0	0	0	3
185	915	0	1.10349086	-20.0173112	-20.0172344	-20.0179156	-20.016466	0.00139955988	0.000684982002	0	48.9	0	0	0	3
186	920	0	1.10945568	-20.0173281	-20.0172274	-20.0178964	-20.016466	0.00139955988	0.000684982002	0	48.9	0	0	0	3
187	925	0	1.11542049	-20.0174321	-20.0172225	-20.0178964	-20.016466	0.00139955988	0.000684982002	0	48.9	0	0	0	3
188	929	0	1.12138531	-20.0175558	-20.0172202	-20.0178964	-20.016466	0.00139955988	0.000684982002	0	48.9	0	0	0	3
189	934	0	1.12735012	-20.0177767	-20.0172218	-20.0178964	-20.016466	0.00139955988	0.000684982002	0	48.9	0	0	0	3
190	939	0	1.13331494	-20.0179689	-20.0172272	-20.0179689	-20.016466	0.00139955988	0.000684982002	0	48.9	0	0	0	3
191	944	0	1.13927975	-20.0181831	-20.0172366	-20.0181831	-20.016466	0.00139955988	0.000684982002	0	48.9	0	0	0	3
192	948	0	1.14524457	-20.0183829	-20.0172484	-20.0183829	-20.016466	0.00139955988	0.000684982002	0	48.9	0	0	0	3
193	953	0	1.15120938	-20.0183797	-20.0172593	-20.0183829	-20.016466	0.00139955988	0.000684982002	0	48.9	0	0	0	3
194	957	0	1.1571742	-20.0182414	-20.0172684	-20.0183829	-20.016466	0.00139955988	0.000684982002	0	48.9	0	0	0	3
195	962	0	1.16313902	-20.0181623	-20.0172767	-20.0183829	-20.016466	0.00139955988	0.000684982002	0	48.9	0	0	0	3
196	967	0	1.16910383	-20.0179494	-20.0172805	-20.0183829	-20.016466	0.00139955988	0.000684982002	0	48.9	0	0	0	3
197	971	0	1.17506865	-20.0177037	-20.0172802	-20.0183829	-20.016466	0.00139955988	0.000684982002	0	48.9	0	0	0	3
198	976	0	1.18103346	-20.0174313	-20.0172765	-20.0183829	-20.016466	0.00138153646	0.000684982002	0	49.5	0	0	0	3
199	980	0	1.18699828	-20.0172675	-20.0172727	-20.0183829	-20.016466	0.00134423373	0.000684982002	0	50.9	0	0	0	3
200	985	0	1.19296309	-20.0169744	-20.0172667	-20.0183829	-20.016466	0.00128900994	0.000684982002	0	53.1	0	0	0	3
201	991	0	1.19892791	-20.0168808	-20.0172602	-20.0183829	-20.016466	0.00121782803	0.000684982002	0	56.2	0	0	0	3
202	996	0	1.20489272	-20.0167223	-20.0172522	-20.0183829	-20.016466	0.00113101605	0.000684982002	0	60.5	0	0	0	3
203	1000	0	1.21085754	-20.0167034	-20.0172465	-20.0183829	-20.016466	0.00102904598	0.000684982002	0	66.5	0	0	0	3
204	1005	0	1.21682236	-20.0168541	-20.0172445	-20.0183829	-20.016466	0.000920605376	0.000684982002	0	74.4	0	0	0	3
205	1009	0	1.22278717	-20.0169849	-20.0172454	-20.0183829	-20.016466	0.000811571288	0.000684982002	0	84.4	0	0	0	3
206	1013	0	1.22875199	-20.017023	-20.017248	-20.0183829	-20.016466	0.000707236083	0.000684982002	0	96.8	0	0	0	3
207	1018	0	1.2347168	-20.0170068	-20.0172512	-20.0183829	-20.016466	0.00061159114	0.000684982002	0	100	0	0	0	3
208	1022	0	1.24068162	-20.0169315	-20.0172516	-20.0183829	-20.016466	0.000529654875	0.000684982002	0	100	0	0	0	3
209	1027	0	1.24664643	-20.0167692	-20.0172471	-20.0183829	-20.016466	0.000458316218	0.000684982002	0	100	0	0	0	3
210	1031	0	1.25261125	-20.0165811	-20.0172393	-20.0183829	-20.016466	0.000438090698	0.000684982002	0	100	0	0	0	3
211	1036	0	1.25857606	-20.0165441	-20.0172315	-20.0183829	-20.016466	0.000438090698	0.000684982002	0	100	0	0	0	3
212	1040	0	1.26454088	-20.0164609	-20.0172221	-20.0183829	-20.0164609	0.000438090698	0.000684982002	0	100	0	0	0	3
213	1044	0	1.27050569	-20.0163868	-20.0172114	-20.0183829	-20.0163868	0.000438090698	0.000684982002	0	100	0	0	0	3
214	1049	0	1.27647051	-20.0163792	-20.0172015	-20.0183829	-20.0163792	0.000438090698	0.000684982002	0	100	0	0	0	3
215	1053	0	1.28243533	-20.0163888	-20.0171924	-20.0183829	-20.0163792	0.000438090698	0.000684982002	0	100	0	0	0	3
216	1058	0	1.28840014	-20.0164499	-20.0171848	-20.0183829	-20.0163792	0.000438090698	0.000684982002	0	100	0	0	0	3
217	1062	0	1.29436496	-20.0166315	-20.0171802	-20.0183829	-20.0163792	0.000438090698	0.000684982002	0	100	0	0	0	3
218	1067	0	1.30032977	-20.0167946	-20.017178	-20.0183829	-20.0163792	0.000438090698	0.000684982002	0	100	0	0	0	3
219	1071	0	1.30629459	-20.0168804	-20.0171783	-20.0183829	-20.0163792	0.000438090698	0.000684982002	0	100	0	0	0	3
220	1075	0	1.3122594	-20.0169246	-20.0171796	-20.0183829	-20.0163792	0.000438090698	0.000684982002	0	100	0	0	0	3
221	1080	0	1.31822422	-20.0169334	-20.017181	-20.0183829	-20.0163792	0.000438090698	0.000684982002	0	100	0	0	0	3
222	1084	0	1.32418903	-20.017045	-20.017182	-20.0183829	-20.0163792	0.000438090698	0.000684982002	0	100	0	0	0	3
223	1088	0	1.33015385	-20.0170189	-20.0171815	-20.0183829	-20.0163792	0.000438090698	0.000684982002	0	100	0	0	0	3
224	1093	0	1.33611866	-20.0170808	-20.0171805	-20.0183829	-20.0163792	0.000438090698	0.000684982002	0	100	0	0	0	3
225	1097	0	1.34208348	-20.0172499	-20.0171804	-20.0183829	-20.0163792	0.000436098298	0.000684982002	0	100	0	0	0	3
226	1102	0	1.3480483	-20.0174483	-20.0171808	-20.0183829	-20.0163792	0.000430312005	0.000684982002	0	100	0	0	0	3
227	1106	0	1.35401311	-20.0175887	-20.0171818	-20.0183829	-20.0163792	0.000421367943	0.000684982002	0	100	0	0	0	3
228	1110	0	1.35997793	-20.0176094	-20.0171817	-20.0183829	-20.0163792	0.000412029554	0.000684982002	0	100	0	0	0	3
229	1115	0	1.36594274	-20.017651	-20.0171818	-20.0183829	-20.0163792	0.000402405084	0.000684982002	0	100	0	0	0	3
230	1119	0	1.37190756	-20.0177061	-20.0171822	-20.0183829	-20.0163792	0.000391096483	0.000684982002	0	100	0	0	0	3
231	1124	0	1.37787237	-20.0179357	-20.0171844	-20.0183829	-20.0163792	0.000377221652	0.000684982002	0	100	0	0	0	3
232	1128	0	1.38383719	-20.0181673	-20.0171882	-20.0183829	-20.0163792	0.00036210117	0.000684982002	0	100	0	0	0	3
233	1133	0	1.389802	-20.0181834	-20.0171927	-20.0183829	-20.0163792	0.000346918774	0.000684982002	0	100	0	0	0	3
234	1137	0	1.39576682	-20.0181098	-20.0171974	-20.0183829	-20.0163792	0.000329915776	0.000684982002	0	100	0	0	0	3
235	1142	0	1.40173163	-20.0179861	-20.0172006	-20.0183829	-20.0163792	0.000311059467	0.000684982002	0	100	0	0	0	3
236	1146	0	1.40769645	-20.0179279	-20.0172031	-20.0183829	-20.0163792	0.000291945058	0.000684982002	0	100	0	0	0	3
237	1151	0	1.41366127	-20.0179618	-20.0172069	-20.0183829	-20.0163792	0.000273785166	0.000684982002	0	100	0	0	0	3
238	1156	0	1.41962608	-20.0180252	-20.0172131	-20.0183829	-20.0163792	0.00025618006	0.000684982002	0	100	0	0	0	3
239	1160	0	1.4255909	-20.017969	-20.01722	-20.0183829	-20.0163792	0.000241405856	0.000684982002	0	100	0	0	0	3
240	1165	0	1.43155571	-20.017971	-20.0172281	-20.0183829	-20.0163792	0.000228771517	0.000684982002	0	100	0	0	0	3
241	1170	0	1.43752053	-20.0179667	-20.017238	-20.0183829	-20.0163792	0.000217918909	0.000684982002	0	100	0	0	0	3
242	1174	0	1.44348534	-20.0180256	-20.0172504	-20.0183829	-20.0163792	0.000207988964	0.000684982002	0	100	0	0	0	3
243	1179	0	1.44945016	-20.018002	-20.0172646	-20.0183829	-20.0163792	0.000198125036	0.000684982002	0	100	0	0	0	3
244	1184	0	1.45541497	-20.0180484	-20.0172804	-20.0183829	-20.0163792	0.000188621935	0.000684982002	0	100	0	0	0	3
245	1189	0	1.46137979	-20.0178519	-20.0172949	-20.0183829	-20.0163792	0.00019425888	0.000684982002	0	100	0	0	0	3
246	1193	0	1.4673446	-20.0176151	-20.0173076	-20.0183829	-20.0163792	0.0001994325	0.000684982002	0	100	0	0	0	3
247	1198	0	1.47330942	-20.0174018	-20.0173188	-20.0183829	-20.0163792	0.000204248844	0.000684982002	0	100	0	0	0	3
248	1203	0	1.47927424	-20.0173874	-20.0173287	-20.0183829	-20.0163792	0.000207681322	0.000684982002	0	100	0	0	0	3
249	1207	0	1.48523905	-20.0172644	-20.017336	-20.0183829	-20.0163792	0.000209002838	0.000684982002	0	100	0	0	0	3
250	1212	0	1.49120387	-20.0170968	-20.017341	-20.0183829	-20.0163792	0.000207600742	0.000684982002	0	100	0	0	0	3
251	1217	0	1.49716868	-20.0170341	-20.017345	-20.0183829	-20.0163792	0.000205487326	0.000684982002	0	100	0	0	0	3
252	1222	0	1.5031335	-20.0169321	-20.017348	-20.0183829	-20.0163792	0.000202204215	0.000684982002	0	100	0	0	0	3
253	1226	0	1.50909831	-20.016869	-20.0173506	-20.0183829	-20.0163792	0.000201327044	0.000684982002	0	100	0	0	0	3
254	1231	0	1.51506313	-20.0168475	-20.0173542	-20.0183829	-20.0163792	0.00020202531	0.000684982002	0	100	0	0	0	3
255	1236	0	1.52102794	-20.0168742	-20.0173582	-20.0183829	-20.0163792	0.000203873781	0.000684982002	0	100	0	0	0	3
256	1240	0	1.52699276	-20.0168627	-20.0173626	-20.0183829	-20.0163792	0.000206271102	0.000684982002	0	100	0	0	0	3
257	1245	0	1.53295757	-20.0169892	-20.0173687	-20.0183829	-20.0163792	0.000208023897	0.000684982002	0	100	0	0	0	3
258	1250	0	1.53892239	-20.0170164	-20.0173726	-20.0183829	-20.0163792	0.000204698413	0.000684982002	0	100	0	0	0	3
259	1255	0	1.54488721	-20.0170479	-20.0173731	-20.0183829	-20.0163792	0.000197126475	0.000684982002	0	100	0	0	0	3
260	1259	0	1.55085202	-20.0170157	-20.0173703	-20.0183829	-20.0163792	0.000195080934	0.000684982002	0	100	0	0	0	3
261	1264	0	1.55681684	-20.0169858	-20.0173639	-20.0183829	-20.0163792	0.000195080934	0.000684982002	0	100	0	0	0	3
262	1269	0	1.56278165	-20.0168716	-20.0173539	-20.0183829	-20.0163792	0.000195080934	0.000684982002	0	100	0	0	0	3
263	1274	0	1.56874647	-20.0167591	-20.0173403	-20.0183829	-20.0163792	0.000195080934	0.000684982002	0	100	0	0	0	3
264	1278	0	1.57471128	-20.0167181	-20.0173264	-20.0183829	-20.0163792	0.000195080934	0.000684982002	0	100	0	0	0	3
265	1283	0	1.5806761	-20.016766	-20.0173159	-20.0183829	-20.0163792	0.000195080934	0.000684982002	0	100	0	0	0	3
266	1288	0	1.58664091	-20.0168532	-20.0173075	-20.0183829	-20.0163792	0.000195080934	0.000684982002	0	100	0	0	0	3
267	1292	0	1.59260573	-20.016965	-20.0173016	-20.0183829	-20.0163792	0.000195080934	0.000684982002	0	100	0	0	0	3
268	1297	0	1.59857054	-20.0171401	-20.0172991	-20.0183829	-20.0163792	0.000195080934	0.000684982002	0	100	0	0	0	3
269	1302	0	1.60453536	-20.0173915	-20.0173	-20.0183829	-20.0163792	0.000195080934	0.000684982002	0	100	0	0	0	3
270	1306	0	1.61050018	-20.0175841	-20.0173031	-20.0183829	-20.0163792	0.000195080934	0.000684982002	0	100	0	0	0	3
271	1311	0	1.61646499	-20.0176448	-20.0173056	-20.0183829	-20.0163792	0.000195080934	0.000684982002	0	100	0	0	0	3
272	1316	0	1.62242981	-20.0175135	-20.0173051	-20.0183829	-20.0163792	0.000195080934	0.000684982002	0	100	0	0	0	3
273	1321	0	1.62839462	-20.0175352	-20.0173022	-20.0183829	-20.0163792	0.000195080934	0.000684982002	0	100	0	0	0	3
274	1326	0	1.63435944	-20.0175956	-20.0172978	-20.0183829	-20.0163792	0.000195080934	0.000684982002	0	100	0	0	0	3
275	1330	0	1.64032425	-20.0175585	-20.0172904	-20.0183829	-20.0163792	0.000195080934	0.000684982002	0	100	0	0	0	3
276	1335	0	1.64628907	-20.0175545	-20.0172805	-20.0183797	-20.0163792	0.000195080934	0.000684982002	0	100	0	0	0	3
277	1340	0	1.65225388	-20.0175608	-20.0172707	-20.0182414	-20.0163792	0.000195080934	0.000684982002	0	100	0	0	0	3
278	1345	0	1.6582187	-20.0175329	-20.0172623	-20.0181834	-20.0163792	0.000195080934	0.000684982002	0	100	0	0	0	3
279	1349	0	1.66418352	-20.0175536	-20.0172551	-20.0181834	-20.0163792	0.000195080934	0.000684982002	0	100	0	0	0	3
280	1354	0	1.67014833	-20.017615	-20.0172511	-20.0181834	-20.0163792	0.000195080934	0.000684982002	0	100	0	0	0	3
281	1359	0	1.67611315	-20.0176599	-20.0172506	-20.0181834	-20.0163792	0.000195080934	0.000684982002	0	100	0	0	0	3
282	1364	0	1.68207796	-20.0177637	-20.0172545	-20.0181834	-20.0163792	0.000195080934	0.000684982002	0	100	0	0	0	3
283	1368	0	1.68804278	-20.0179614	-20.0172628	-20.0181834	-20.0163792	0.000195080934	0.000684982002	0	100	0	0	0	3
284	1373	0	1.69400759	-20.0180902	-20.0172761	-20.0181834	-20.0163792	0.000195080934	0.000684982002	0	100	0	0	0	3
285	1378	0	1.69997241	-20.0181886	-20.0172916	-20.0181886	-20.0163792	0.000195080934	0.000684982002	0	100	0	0	0	3
286	1382	0	1.70593722	-20.0182239	-20.0173095	-20.0182239	-20.0163792	0.000195080934	0.000684982002	0	100	0	0	0	3
287	1387	0	1.71190204	-20.0182342	-20.0173277	-20.0182342	-20.0163792	0.000195080934	0.000684982002	0	100	0	0	0	3
288	1392	0	1.71786685	-20.018188	-20.0173436	-20.0182342	-20.0163792	0.000195080934	0.000684982002	0	100	0	0	0	3
289	1397	0	1.72383167	-20.0179913	-20.0173556	-20.0182342	-20.0163792	0.000195080934	0.000684982002	0	100	0	0	0	3
290	1402	0	1.72979649	-20.0179241	-20.0173663	-20.0182342	-20.0163792	0.000195080934	0.000684982002	0	100	0	0	0	3
291	1406	0	1.7357613	-20.0177896	-20.0173756	-20.0182342	-20.0163792	0.000197647349	0.000684982002	0	100	0	0	0	3
292	1411	0	1.74172612	-20.0177344	-20.0173852	-20.0182342	-20.0163792	0.000207205893	0.000684982002	0	100	0	0	0	3
293	1416	0	1.74769093	-20.0176617	-20.0173958	-20.0182342	-20.0163792	0.000217830549	0.000684982002	0	100	0	0	0	3
294	1421	0	1.75365575	-20.0177718	-20.01741	-20.0182342	-20.0163792	0.000232004876	0.000684982002	0	100	0	0	0	3
295	1425	0	1.75962056	-20.0179632	-20.0174269	-20.0182342	-20.0163792	0.00024889907	0.000684982002	0	100	0	0	0	3
296	1430	0	1.76558538	-20.0180818	-20.0174462	-20.0182342	-20.0163792	0.000268195682	0.000684982002	0	100	0	0	0	3
297	1435	0	1.77155019	-20.0179815	-20.0174652	-20.0182342	-20.0163792	0.000287179655	0.000684982002	0	100	0	0	0	3
298	1439	0	1.77751501	-20.0179058	-20.0174833	-20.0182342	-20.0163888	0.00030535279	0.000684982002	0	100	0	0	0	3
299	1444	0	1.78347982	-20.0178636	-20.0175009	-20.0182342	-20.0164499	0.000322909198	0.000684982002	0	100	0	0	0	3
300	1449	0	1.78944464	-20.017843	-20.0175175	-20.0182342	-20.0166315	0.000339493916	0.000684982002	0	100	0	0	0	3
301	1456	0	1.79540946	-20.0177449	-20.0175307	-20.0182342	-20.0167181	0.000352748037	0.000684982002	0	100	0	0	0	3
302	1461	0	1.80137427	-20.0176164	-20.0175405	-20.0182342	-20.0167181	0.000362253941	0.000684982002	0	100	0	0	0	3
303	1466	0	1.80733909	-20.0175417	-20.0175484	-20.0182342	-20.0167181	0.000368797904	0.000684982002	0	100	0	0	0	3
304	1470	0	1.8133039	-20.0174853	-20.0175551	-20.0182342	-20.0167181	0.000374675223	0.000684982002	0	100	0	0	0	3
305	1476	0	1.81926872	-20.0174225	-20.0175609	-20.0182342	-20.0167181	0.000380498428	0.000684982002	0	100	0	0	0	3
306	1481	0	1.82523353	-20.0174082	-20.0175652	-20.0182342	-20.0167181	0.000384821384	0.000684982002	0	100	0	0	0	3
307	1486	0	1.83119835	-20.0174353	-20.0175702	-20.0182342	-20.0167181	0.000389778729	0.000684982002	0	100	0	0	0	3
308	1491	0	1.83716316	-20.0175348	-20.0175756	-20.0182342	-20.0167181	0.000395182977	0.000684982002	0	100	0	0	0	3
309	1496	0	1.84312798	-20.0174702	-20.0175782	-20.0182342	-20.0167181	0.000397375884	0.000684982002	0	100	0	0	0	3
310	1501	0	1.84909279	-20.017455	-20.0175783	-20.0182342	-20.0167181	0.000396536014	0.000684982002	0	100	0	0	0	3
311	1506	0	1.85505761	-20.0174755	-20.0175769	-20.0182342	-20.0167181	0.000396536014	0.000684982002	0	100	0	0	0	3
312	1510	0	1.86102243	-20.0174805	-20.0175754	-20.0182342	-20.0167181	0.000396495563	0.000684982002	0	100	0	0	0	3
313	1515	0	1.86698724	-20.0174215	-20.0175727	-20.0182342	-20.0167181	0.000396073086	0.000684982002	0	100	0	0	0	3
314	1520	0	1.87295206	-20.0173106	-20.017568	-20.0182342	-20.0167181	0.000393914719	0.000684982002	0	100	0	0	0	3
315	1525	0	1.87891687	-20.0171807	-20.017559	-20.0182342	-20.0167181	0.000390068706	0.000684982002	0	100	0	0	0	3
316	1530	0	1.88488169	-20.0169828	-20.0175449	-20.0182342	-20.0167181	0.000385587213	0.000684982002	0	100	0	0	0	3
317	1535	0	1.8908465	-20.016846	-20.017529	-20.0182342	-20.0167181	0.000380876705	0.000684982002	0	100	0	0	0	3
318	1539	0	1.89681132	-20.0167365	-20.0175126	-20.0182342	-20.0167181	0.000377726401	0.000684982002	0	100	0	0	0	3
319	1544	0	1.90277613	-20.0167779	-20.0174982	-20.0182342	-20.0167181	0.000375138093	0.000684982002	0	100	0	0	0	3
320	1549	0	1.90874095	-20.0168506	-20.0174854	-20.0182342	-20.0167181	0.00037140149	0.000684982002	0	100	0	0	0	3
321	1554	0	1.91470576	-20.016895	-20.0174727	-20.0182342	-20.0167181	0.000365135555	0.000684982002	0	100	0	0	0	3
322	1559	0	1.92067058	-20.0168157	-20.0174583	-20.0182342	-20.0167181	0.000358258189	0.000684982002	0	100	0	0	0	3
323	1564	0	1.9266354	-20.0167363	-20.0174436	-20.0182342	-20.0167181	0.000350159746	0.000684982002	0	100	0	0	0	3
324	1568	0	1.93260021	-20.0165853	-20.0174271	-20.0182342	-20.0165853	0.000340249879	0.000684982002	0	100	0	0	0	3
325	1573	0	1.93856503	-20.0165678	-20.0174105	-20.0182342	-20.0165678	0.000327914205	0.000684982002	0	100	0	0	0	3
326	1578	0	1.94452984	-20.016543	-20.0173928	-20.0182342	-20.016543	0.000327719724	0.000684982002	0	100	0	0	0	3
327	1583	0	1.95049466	-20.0164749	-20.0173746	-20.0182342	-20.0164749	0.000327719724	0.000684982002	0	100	0	0	0	3
328	1588	0	1.95645947	-20.0165734	-20.0173571	-20.0182342	-20.0164749	0.000327719724	0.000684982002	0	100	0	0	0	3
329	1592	0	1.96242429	-20.0166671	-20.017343	-20.0182342	-20.0164749	0.000327719724	0.000684982002	0	100	0	0	0	3
330	1597	0	1.9683891	-20.0168819	-20.0173342	-20.0182342	-20.0164749	0.000327719724	0.000684982002	0	100	0	0	0	3
331	1602	0	1.97435392	-20.0170211	-20.0173297	-20.0182342	-20.0164749	0.000327719724	0.000684982002	0	100	0	0	0	3
332	1607	0	1.98031873	-20.01714	-20.0173268	-20.0182342	-20.0164749	0.000327719724	0.000684982002	0	100	0	0	0	3
333	1612	0	1.98628355	-20.0172713	-20.0173269	-20.0182342	-20.0164749	0.000327719724	0.000684982002	0	100	0	0	0	3
334	1616	0	1.99224837	-20.0174973	-20.0173316	-20.0182342	-20.0164749	0.000327719724	0.000684982002	0	100	0	0	0	3
335	1621	0	1.99821318	-20.0176054	-20.0173384	-20.0182342	-20.0164749	0.000327719724	0.000684982002	0	100	0	0	0	3
336	1626	0	2.004178	-20.0176372	-20.0173468	-20.0182342	-20.0164749	0.000327719724	0.000684982002	0	100	0	0	0	3
337	1631	0	2.01014281	-20.0177008	-20.0173567	-20.0182342	-20.0164749	0.000327719724	0.000684982002	0	100	0	0	0	3
338	1636	0	2.01610763	-20.0176853	-20.0173667	-20.0182342	-20.0164749	0.000327719724	0.000684982002	0	100	0	0	0	3
339	1640	0	2.02207244	-20.0177139	-20.0173767	-20.0182342	-20.0164749	0.000327719724	0.000684982002	0	100	0	0	0	3
340	1645	0	2.02803726	-20.0176288	-20.0173858	-20.0182342	-20.0164749	0.000327719724	0.000684982002	0	100	0	0	0	3
341	1650	0	2.03400207	-20.0174549	-20.0173914	-20.0182342	-20.0164749	0.000327719724	0.000684982002	0	100	0	0	0	3
342	1655	0	2.03996689	-20.0173334	-20.0173951	-20.0182342	-20.0164749	0.000327719724	0.000684982002	0	100	0	0	0	3
343	1660	0	2.0459317	-20.0172444	-20.0173975	-20.0182342	-20.0164749	0.000327719724	0.000684982002	0	100	0	0	0	3
344	1665	0	2.05189652	-20.0171637	-20.0173992	-20.0182342	-20.0164749	0.000327719724	0.000684982002	0	100	0	0	0	3
345	1670	0	2.05786134	-20.0171169	-20.0174008	-20.0182342	-20.0164749	0.000327719724	0.000684982002	0	100	0	0	0	3
346	1675	0	2.06382615	-20.0171368	-20.017404	-20.0182342	-20.0164749	0.000327719724	0.000684982002	0	100	0	0	0	3
347	1680	0	2.06979097	-20.0173057	-20.0174105	-20.0182342	-20.0164749	0.000327719724	0.000684982002	0	100	0	0	0	3
348	1685	0	2.07575578	-20.0173845	-20.0174184	-20.0182342	-20.0164749	0.000327719724	0.000684982002	0	100	0	0	0	3
349	1690	0	2.0817206	-20.0173601	-20.0174255	-20.0182342	-20.0164749	0.000327719724	0.000684982002	0	100	0	0	0	3
350	1694	0	2.08768541	-20.0173481	-20.0174314	-20.0182342	-20.0164749	0.000327719724	0.000684982002	0	100	0	0	0	3
351	1699	0	2.09365023	-20.0173588	-20.017436	-20.0182342	-20.0164749	0.000327719724	0.000684982002	0	100	0	0	0	3
352	1704	0	2.09961504	-20.0173405	-20.0174384	-20.0182342	-20.0164749	0.000327719724	0.000684982002	0	100	0	0	0	3
353	1709	0	2.10557986	-20.0173407	-20.0174378	-20.0182342	-20.0164749	0.000327719724	0.000684982002	0	100	0	0	0	3
354	1715	0	2.11154468	-20.0172927	-20.0174344	-20.0182342	-20.0164749	0.000327719724	0.000684982002	0	100	0	0	0	3
355	1720	0	2.11750949	-20.0172413	-20.0174295	-20.0182342	-20.0164749	0.000327719724	0.000684982002	0	100	0	0	0	3
356	1724	0	2.12347431	-20.0171981	-20.0174258	-20.0182342	-20.0164749	0.000327719724	0.000684982002	0	100	0	0	0	3
357	1729	0	2.12943912	-20.0171355	-20.017421	-20.0182342	-20.0164749	0.000327719724	0.000684982002	0	100	0	0	0	3
358	1734	0	2.13540394	-20.0171655	-20.0174159	-20.0182342	-20.0164749	0.000327719724	0.000684982002	0	100	0	0	0	3
359	1739	0	2.14136875	-20.0171878	-20.0174115	-20.0182342	-20.0164749	0.000327719724	0.000684982002	0	100	0	0	0	3
360	1744	0	2.14733357	-20.017219	-20.0174075	-20.0182342	-20.0164749	0.000327719724	0.000684982002	0	100	0	0	0	3
361	1749	0	2.15329838	-20.0171952	-20.0174032	-20.0182342	-20.0164749	0.000327719724	0.000684982002	0	100	0	0	0	3
362	1754	0	2.1592632	-20.0171332	-20.0173984	-20.0182342	-20.0164749	0.000327719724	0.000684982002	0	100	0	0	0	3
363	1758	0	2.16522801	-20.0170476	-20.0173924	-20.0182342	-20.0164749	0.000327719724	0.000684982002	0	100	0	0	0	3
364	1763	0	2.17119283	-20.0169996	-20.017385	-20.0182342	-20.0164749	0.000327719724	0.000684982002	0	100	0	0	0	3
365	1768	0	2.17715765	-20.0169198	-20.0173762	-20.0182342	-20.0164749	0.000323763235	0.000684982002	0	100	0	0	0	3
366	1773	0	2.18312246	-20.0168672	-20.0173656	-20.0182342	-20.0164749	0.000315502978	0.000684982002	0	100	0	0	0	3
367	1778	0	2.18908728	-20.0168015	-20.0173518	-20.0182342	-20.0164749	0.000302218841	0.000684982002	0	100	0	0	0	3
368	1783	0	2.19505209	-20.0166802	-20.017335	-20.0182342	-20.0164749	0.000286649698	0.000684982002	0	100	0	0	0	3
369	1788	0	2.20101691	-20.0166611	-20.0173168	-20.0182342	-20.0164749	0.000268773962	0.000684982002	0	100	0	0	0	3
370	1792	0	2.20698172	-20.0166831	-20.0172984	-20.0182342	-20.0164749	0.000279842377	0.000684982002	0	100	0	0	0	3
371	1797	0	2.21294654	-20.0167397	-20.0172806	-20.018188	-20.0164749	0.000297634605	0.000684982002	0	100	0	0	0	3
372	1802	0	2.21891135	-20.0169537	-20.017266	-20.0180818	-20.0164749	0.000312328881	0.000684982002	0	100	0	0	0	3
373	1807	0	2.22487617	-20.0171792	-20.0172563	-20.0180818	-20.0164749	0.000321997038	0.000684982002	0	100	0	0	0	3
374	1812	0	2.23084098	-20.0174831	-20.017251	-20.0180818	-20.0164749	0.000327247416	0.000684982002	0	100	0	0	0	3
375	1817	0	2.2368058	-20.0175907	-20.0172487	-20.0180818	-20.0164749	0.000329614411	0.000684982002	0	100	0	0	0	3
376	1822	0	2.24277062	-20.0175438	-20.0172464	-20.0180818	-20.0164749	0.000331883669	0.000684982002	0	100	0	0	0	3
377	1827	0	2.24873543	-20.017504	-20.0172445	-20.0180818	-20.0164749	0.000333760854	0.000684982002	0	100	0	0	0	3
378	1831	0	2.25470025	-20.0174309	-20.0172405	-20.0180818	-20.0164749	0.000337819273	0.000684982002	0	100	0	0	0	3
379	1836	0	2.26066506	-20.0174806	-20.0172347	-20.0180818	-20.0164749	0.000343564156	0.000684982002	0	100	0	0	0	3
380	1841	0	2.26662988	-20.0174913	-20.0172277	-20.0179815	-20.0164749	0.000350594185	0.000684982002	0	100	0	0	0	3
381	1846	0	2.27259469	-20.017502	-20.017222	-20.0179058	-20.0164749	0.000356302325	0.000684982002	0	100	0	0	0	3
382	1851	0	2.27855951	-20.0175144	-20.0172173	-20.0178636	-20.0164749	0.000360960964	0.000684982002	0	100	0	0	0	3
383	1856	0	2.28452432	-20.0175572	-20.0172137	-20.017843	-20.0164749	0.000364607904	0.000684982002	0	100	0	0	0	3
384	1860	0	2.29048914	-20.017566	-20.0172104	-20.0177449	-20.0164749	0.000367905733	0.000684982002	0	100	0	0	0	3
385	1865	0	2.29645395	-20.0176005	-20.0172087	-20.0177139	-20.0164749	0.000369624587	0.000684982002	0	100	0	0	0	3
386	1870	0	2.30241877	-20.0176529	-20.0172091	-20.0177139	-20.0164749	0.000369624587	0.000684982002	0	100	0	0	0	3
387	1875	0	2.30838359	-20.0177335	-20.0172114	-20.0177335	-20.0164749	0.000369624587	0.000684982002	0	100	0	0	0	3
388	1880	0	2.3143484	-20.01769	-20.0172138	-20.0177335	-20.0164749	0.000369624587	0.000684982002	0	100	0	0	0	3
389	1885	0	2.32031322	-20.0175899	-20.0172158	-20.0177335	-20.0164749	0.000369624587	0.000684982002	0	100	0	0	0	3
390	1890	0	2.32627803	-20.0176063	-20.0172182	-20.0177335	-20.0164749	0.000369624587	0.000684982002	0	100	0	0	0	3
391	1895	0	2.33224285	-20.0176193	-20.0172204	-20.0177335	-20.0164749	0.000369624587	0.000684982002	0	100	0	0	0	3
392	1900	0	2.33820766	-20.017602	-20.0172212	-20.0177335	-20.0164749	0.000369624587	0.000684982002	0	100	0	0	0	3
393	1905	0	2.34417248	-20.0174488	-20.0172209	-20.0177335	-20.0164749	0.000369624587	0.000684982002	0	100	0	0	0	3
394	1910	0	2.35013729	-20.0173815	-20.01722	-20.0177335	-20.0164749	0.000368276523	0.000684982002	0	100	0	0	0	3
395	1915	0	2.35610211	-20.0173428	-20.0172184	-20.0177335	-20.0164749	0.00036674271	0.000684982002	0	100	0	0	0	3
396	1920	0	2.36206692	-20.0173438	-20.0172168	-20.0177335	-20.0164749	0.000364010182	0.000684982002	0	100	0	0	0	3
397	1925	0	2.36803174	-20.01724	-20.0172147	-20.0177335	-20.0164749	0.000359301939	0.000684982002	0	100	0	0	0	3
398	1929	0	2.37399656	-20.0171265	-20.0172125	-20.0177335	-20.0164749	0.000350314466	0.000684982002	0	100	0	0	0	3
399	1934	0	2.37996137	-20.0171623	-20.0172122	-20.0177335	-20.0164749	0.000336212664	0.000684982002	0	100	0	0	0	3
400	1940	0	2.38592619	-20.0171598	-20.0172144	-20.0177335	-20.0164749	0.000320291433	0.000684982002	0	100	0	0	0	3
401	1948	0	2.391891	-20.0170721	-20.017217	-20.0177335	-20.0164749	0.000303942302	0.000684982002	0	100	0	0	0	3
402	1953	0	2.39785582	-20.0169836	-20.01722	-20.0177335	-20.0164749	0.000289558622	0.000684982002	0	100	0	0	0	3
403	1958	0	2.40382063	-20.0169801	-20.0172224	-20.0177335	-20.0164749	0.000276734191	0.000684982002	0	100	0	0	0	3
404	1963	0	2.40978545	-20.0169567	-20.0172237	-20.0177335	-20.0164749	0.000264034664	0.000684982002	0	100	0	0	0	3
405	1968	0	2.41575026	-20.0168561	-20.0172232	-20.0177335	-20.0164749	0.00024963645	0.000684982002	0	100	0	0	0	3
406	1973	0	2.42171508	-20.0168023	-20.017223	-20.0177335	-20.0164749	0.0002349613	0.000684982002	0	100	0	0	0	3
407	1979	0	2.42767989	-20.0167252	-20.0172229	-20.0177335	-20.0164749	0.000229768477	0.000684982002	0	100	0	0	0	3
408	1984	0	2.43364471	-20.0168246	-20.0172258	-20.0177335	-20.0164749	0.000229768477	0.000684982002	0	100	0	0	0	3
409	1989	0	2.43960953	-20.0170128	-20.017231	-20.0177335	-20.0164749	0.000229768477	0.000684982002	0	100	0	0	0	3
410	1994	0	2.44557434	-20.0171639	-20.0172384	-20.0177335	-20.0164749	0.000229768477	0.000684982002	0	100	0	0	0	3
411	1999	0	2.45153916	-20.0173222	-20.0172485	-20.0177335	-20.0165734	0.000229768477	0.000684982002	0	100	0	0	0	3
412	2004	0	2.45750397	-20.0175493	-20.0172601	-20.0177335	-20.0166611	0.000229768477	0.000684982002	0	100	0	0	0	3
413	2009	0	2.46346879	-20.0177115	-20.0172726	-20.0177335	-20.0166611	0.000229768477	0.000684982002	0	100	0	0	0	3
414	2014	0	2.4694336	-20.0177148	-20.0172825	-20.0177335	-20.0166611	0.000229768477	0.000684982002	0	100	0	0	0	3
415	2019	0	2.47539842	-20.017729	-20.0172909	-20.0177335	-20.0166611	0.000229768477	0.000684982002	0	100	0	0	0	3
416	2024	0	2.48136323	-20.0177672	-20.0172984	-20.0177672	-20.0166611	0.000229768477	0.000684982002	0	100	0	0	0	3
417	2029	0	2.48732805	-20.0176415	-20.0173028	-20.0177672	-20.0166611	0.000229768477	0.000684982002	0	100	0	0	0	3
418	2034	0	2.49329286	-20.0176312	-20.0173044	-20.0177672	-20.0166611	0.000229768477	0.000684982002	0	100	0	0	0	3
419	2039	0	2.49925768	-20.0175861	-20.0173042	-20.0177672	-20.0166611	0.000229768477	0.000684982002	0	100	0	0	0	3
420	2044	0	2.5052225	-20.0176441	-20.0173042	-20.0177672	-20.0166611	0.000229768477	0.000684982002	0	100	0	0	0	3
421	2049	0	2.51118731	-20.0176699	-20.0173039	-20.0177672	-20.0166611	0.000229768477	0.000684982002	0	100	0	0	0	3
422	2054	0	2.51715213	-20.0177831	-20.017305	-20.0177831	-20.0166611	0.000229768477	0.000684982002	0	100	0	0	0	3
423	2060	0	2.52311694	-20.0178231	-20.0173063	-20.0178231	-20.0166611	0.000229768477	0.000684982002	0	100	0	0	0	3
424	2065	0	2.52908176	-20.0179363	-20.01731	-20.0179363	-20.0166611	0.000229768477	0.000684982002	0	100	0	0	0	3
425	2070	0	2.53504657	-20.0181162	-20.0173179	-20.0181162	-20.0166611	0.000229768477	0.000684982002	0	100	0	0	0	3
426	2075	0	2.54101139	-20.0183944	-20.0173305	-20.0183944	-20.0166611	0.000229768477	0.000684982002	0	100	0	0	0	3
427	2081	0	2.5469762	-20.0185005	-20.0173455	-20.0185005	-20.0166611	0.000229768477	0.000684982002	0	100	0	0	0	3
428	2086	0	2.55294102	-20.0185261	-20.0173617	-20.0185261	-20.0166611	0.000229768477	0.000684982002	0	100	0	0	0	3
429	2091	0	2.55890584	-20.018414	-20.0173771	-20.0185261	-20.0166611	0.000229768477	0.000684982002	0	100	0	0	0	3
430	2096	0	2.56487065	-20.0182544	-20.0173904	-20.0185261	-20.0166611	0.000229768477	0.000684982002	0	100	0	0	0	3
431	2101	0	2.57083547	-20.0181067	-20.0174	-20.0185261	-20.0166611	0.000229768477	0.000684982002	0	100	0	0	0	3
432	2106	0	2.57680028	-20.0178252	-20.0174052	-20.0185261	-20.0166611	0.000229768477	0.000684982002	0	100	0	0	0	3
