Iteration	CPUTime	PhysTime	Travels	Value	AvValue	MinValue	MaxValue	Delta	Criteria	Progress	dGMaxMin	CriteriaType	CriteriaVarType	CriteriaPercentage
1	12	0	0.00596481547	-59.4902028	-59.4902028	-59.4902028	-59.4902028	0	0	0	0	0	0	0	3
2	18	0	0.0119296309	30.7675545	-14.3613242	-59.4902028	30.7675545	45.1288786	0	0	0	0	0	0	3
3	22	0	0.0178944464	25.3355868	-1.1290205	-59.4902028	30.7675545	58.3611823	0	0	0	0	0	0	3
4	26	0	0.0238592619	24.3737099	5.2466621	-59.4902028	30.7675545	64.7368649	0	0	0	0	0	0	3
5	34	0	0.0298240773	26.5949959	9.51632886	-59.4902028	30.7675545	69.0065317	0	0	0	0	0	0	3
6	39	0	0.0357888928	29.1854704	12.7945191	-59.4902028	30.7675545	72.2847219	0	0	0	0	0	0	3
7	43	0	0.0417537083	29.9667243	15.2476913	-59.4902028	30.7675545	74.7378941	0	0	0	0	0	0	3
8	48	0	0.0477185237	32.020613	17.3443065	-59.4902028	32.020613	76.8345093	0	0	0	0	0	0	3
9	52	0	0.0536833392	33.7966026	19.1723394	-59.4902028	33.7966026	78.6625422	0	0	0	0	0	0	3
10	56	0	0.0596481547	35.093895	20.764495	-59.4902028	35.093895	80.2546978	0	0	0	0	0	0	3
11	60	0	0.0656129701	34.5910511	22.0214546	-59.4902028	35.093895	81.5116574	0	0	0	0	0	0	3
12	64	0	0.0715777856	35.0902615	23.1105219	-59.4902028	35.093895	82.6007247	0	0	0	0	0	0	3
13	69	0	0.0775426011	35.7662457	24.0840391	-59.4902028	35.7662457	83.5742419	0	0	0	0	0	0	3
14	73	0	0.0835074165	35.8685306	24.9257885	-59.4902028	35.8685306	84.4159913	0	0	0	0	0	0	3
15	78	0	0.089472232	35.7055969	25.6444424	-59.4902028	35.8685306	85.1346452	0	0	0	0	0	0	3
16	82	0	0.0954370475	36.0680852	26.29592	-59.4902028	36.0680852	85.7861228	0	0	0	0	0	0	3
17	87	0	0.101401863	35.4343008	26.8334719	-59.4902028	36.0680852	86.3236747	0	0	0	0	0	0	3
18	91	0	0.107366678	34.661703	27.2683736	-59.4902028	36.0680852	86.7585764	0	0	0	0	0	0	3
19	96	0	0.113331494	34.0021363	27.6227822	-59.4902028	36.0680852	87.112985	0	0	0	0	0	0	3
20	100	0	0.119296309	33.083145	27.8958003	-59.4902028	36.0680852	87.3860031	0	0	0	0	0	0	3
21	104	0	0.125261125	32.5408175	28.1169916	-59.4902028	36.0680852	87.6071944	0	0	0	0	0	0	3
22	109	0	0.13122594	31.3806392	28.2653392	-59.4902028	36.0680852	87.755542	0	0	0	0	0	0	3
23	113	0	0.137190756	29.9243321	28.3374693	-59.4902028	36.0680852	87.8276721	0	0	0	0	0	0	3
24	117	0	0.143155571	28.7975437	28.3566391	-59.4902028	36.0680852	87.8468419	0	0	0	0	0	0	3
25	121	0	0.149120387	28.0615726	28.3448364	-59.4902028	36.0680852	87.8468419	0	0	0	0	0	0	3
26	126	0	0.155085202	27.3219859	28.305496	-59.4902028	36.0680852	87.8468419	0	0	0	0	0	0	3
27	130	0	0.161050018	26.4889101	28.2382151	-59.4902028	36.0680852	87.8468419	0	0	0	0	0	0	3
28	135	0	0.167014833	25.4149527	28.1373843	-59.4902028	36.0680852	87.8468419	0	0	0	0	0	0	3
29	139	0	0.172979649	24.4304341	28.0095584	-59.4902028	36.0680852	87.8468419	0	0	0	0	0	0	3
30	143	0	0.178944464	23.8322526	27.8703149	-59.4902028	36.0680852	87.8468419	0	0	0	0	0	0	3
31	148	0	0.184909279	23.4864977	27.7289014	-59.4902028	36.0680852	87.8468419	0	0	0	0	0	0	3
32	152	0	0.190874095	23.1114527	27.5846061	-59.4902028	36.0680852	87.8468419	0	0	0	0	0	0	3
33	156	0	0.19683891	22.6475709	27.434999	-59.4902028	36.0680852	87.8468419	0	0	0	0	0	0	3
34	160	0	0.202803726	22.0628876	27.2769957	-59.4902028	36.0680852	87.8468419	0	0	0	0	0	0	3
35	164	0	0.208768541	21.5361693	27.1129721	-59.4902028	36.0680852	87.8468419	0	0	0	0	0	0	3
36	169	0	0.214733357	21.273456	26.9507633	-59.4902028	36.0680852	87.8468419	0	0	0	0	0	0	3
37	173	0	0.220698172	21.2457754	26.7965745	-59.4902028	36.0680852	87.8468419	0	0	0	0	0	0	3
38	178	0	0.226662988	21.3119639	26.6522426	-59.4902028	36.0680852	87.8468419	0	0	0	0	0	0	3
39	182	0	0.232627803	21.4636779	26.5192025	-59.4902028	36.0680852	87.8468419	0	0	0	0	0	0	3
40	186	0	0.238592619	21.7567406	26.400141	-59.4902028	36.0680852	87.8468419	0	0	0	0	0	0	3
41	191	0	0.244557434	21.8511784	26.2891907	-59.4902028	36.0680852	87.8468419	0	0	0	0	0	0	3
42	195	0	0.25052225	21.9266828	26.1853214	-59.4902028	36.0680852	87.8468419	0	0	0	0	0	0	3
43	200	0	0.256487065	21.9331956	26.0864348	-59.4902028	36.0680852	87.8468419	0	0	0	0	0	0	3
44	205	0	0.262451881	21.9832505	25.9931806	-59.4902028	36.0680852	87.8468419	0	0	0	0	0	0	3
45	209	0	0.268416696	22.0527989	25.9056165	-59.4902028	36.0680852	87.8468419	0	0	0	0	0	0	3
46	213	0	0.274381511	22.2069467	25.8252107	-59.4902028	36.0680852	87.8468419	0	0	0	0	0	0	3
47	218	0	0.280346327	22.4511638	25.7534224	-59.4902028	36.0680852	87.8468419	0	0	0	0	0	0	3
48	222	0	0.286311142	22.6231829	25.6882091	-59.4902028	36.0680852	87.8468419	0	0	0	0	0	0	3
49	227	0	0.292275958	22.8443156	25.6301705	-59.4902028	36.0680852	87.8468419	0	0	0	0	0	0	3
50	293	0	0.298240773	23.0493286	25.5785536	-59.4902028	36.0680852	87.8468419	0	0	0	0	0	0	3
51	298	0	0.304205589	23.1643536	25.5312164	-59.4902028	36.0680852	87.8468419	0	0	0	0	0	0	3
52	307	0	0.310170404	23.2024592	25.4864326	-59.4902028	36.0680852	87.8468419	0	0	0	0	0	0	3
53	312	0	0.31613522	23.2005776	25.4433033	-59.4902028	36.0680852	87.8468419	0	0	0	0	0	0	3
54	317	0	0.322100035	23.1772413	25.4013391	-59.4902028	36.0680852	87.8468419	0	0	0	0	0	0	3
55	321	0	0.328064851	23.0055885	25.35778	-59.4902028	36.0680852	87.8468419	0	0	0	0	0	0	3
56	326	0	0.334029666	22.8533346	25.3130578	-59.4902028	36.0680852	87.8468419	0	0	0	0	0	0	3
57	331	0	0.339994482	22.5722922	25.2649742	-59.4902028	36.0680852	87.8468419	0	0	0	0	0	0	3
58	335	0	0.345959297	22.461737	25.2166425	-59.4902028	36.0680852	87.8468419	0	0	0	0	0	0	3
59	340	0	0.351924113	22.3672285	25.1683474	-59.4902028	36.0680852	87.8468419	0	0	0	0	0	0	3
60	344	0	0.357888928	22.248462	25.1196826	-59.4902028	36.0680852	87.8468419	0	0	0	0	0	0	3
61	349	0	0.363853743	22.2832316	25.0731834	-59.4902028	36.0680852	87.8468419	0	0	0	0	0	0	3
62	353	0	0.369818559	22.5093398	25.0318311	-59.4902028	36.0680852	87.8468419	0	0	0	0	0	0	3
63	358	0	0.375783374	22.7200411	24.995136	-59.4902028	36.0680852	87.8468419	0	0	0	0	0	0	3
64	362	0	0.38174819	22.9177273	24.9626765	-59.4902028	36.0680852	87.8468419	0	0	0	0	0	0	3
65	366	0	0.387713005	23.0785814	24.9336904	-59.4902028	36.0680852	87.8468419	0	0	0	0	0	0	3
66	370	0	0.393677821	23.0978165	24.9058742	-59.4902028	36.0680852	87.8468419	0	0	0	0	0	0	3
67	374	0	0.399642636	23.009697	24.877573	-59.4902028	36.0680852	87.8468419	0	0	0	0	0	0	3
68	378	0	0.405607452	22.8978288	24.8484591	-59.4902028	36.0680852	87.8468419	0	0	0	0	0	0	3
69	383	0	0.411572267	22.8041623	24.8188316	-59.4902028	36.0680852	87.8468419	0	0	0	0	0	0	3
70	387	0	0.417537083	22.8591907	24.7908368	-59.4902028	36.0680852	87.8468419	0	0	0	0	0	0	3
71	392	0	0.423501898	23.006514	24.7657055	-59.4902028	36.0680852	87.8468419	0	0	0	0	0	0	3
72	396	0	0.429466714	23.1964052	24.7439096	-59.4902028	36.0680852	87.8468419	0	0	0	0	0	0	3
73	400	0	0.435431529	23.5155623	24.7270829	-59.4902028	36.0680852	87.8468419	0	0	0	0	0	0	3
74	404	0	0.441396345	23.7073515	24.7133028	-59.4902028	36.0680852	87.8468419	0	0	0	0	0	0	3
75	408	0	0.44736116	23.8298585	24.7015235	-59.4902028	36.0680852	87.8468419	0	0	0	0	0	0	3
76	412	0	0.453325975	23.807845	24.6897646	-59.4902028	36.0680852	87.8468419	0	0	0	0	0	0	3
77	416	0	0.459290791	23.7166246	24.6771264	-59.4902028	36.0680852	87.8468419	0	0	0	0	0	0	3
78	421	0	0.465255606	23.4752758	24.6617181	-59.4902028	36.0680852	87.8468419	0	0	0	0	0	0	3
79	426	0	0.471220422	23.293777	24.6444024	-59.4902028	36.0680852	87.8468419	0	0	0	0	0	0	3
80	431	0	0.477185237	23.1467916	24.6256822	-59.4902028	36.0680852	87.8468419	0	0	0	0	0	0	3
81	435	0	0.483150053	23.1412797	24.6073563	-59.4902028	36.0680852	87.8468419	0	0	0	0	0	0	3
82	440	0	0.489114868	23.1481538	24.5895611	-59.4902028	36.0680852	87.8468419	0	0	0	0	0	0	3
83	445	0	0.495079684	23.075261	24.5713165	-59.4902028	36.0680852	87.8468419	0	0	0	0	0	0	3
84	449	0	0.501044499	23.1053418	24.5538645	-59.4902028	36.0680852	87.8468419	0	0	0	0	0	0	3
85	454	0	0.507009315	23.0894811	25.5369559	21.2457754	36.0680852	14.8223098	0	0	0	0	0	0	3
86	458	0	0.51297413	23.2937997	25.4479827	21.2457754	36.0680852	14.8223098	0	0	0	0	0	0	3
87	463	0	0.518938946	23.4141469	25.4251084	21.2457754	36.0680852	14.8223098	0	0	0	0	0	0	3
88	467	0	0.524903761	23.5224921	25.4149748	21.2457754	36.0680852	14.8223098	0	0	0	0	0	0	3
89	472	0	0.530868577	23.5307934	25.3784962	21.2457754	36.0680852	14.8223098	0	0	0	0	0	0	3
90	476	0	0.536833392	23.4322434	25.3100054	21.2457754	36.0680852	13.1089478	0	0	0	0	0	0	3
91	481	0	0.542798207	23.2930412	25.2305568	21.2457754	36.0680852	11.0123326	0	0	0	0	0	0	3
92	485	0	0.548763023	23.2592582	25.126255	21.2457754	36.0680852	9.1842997	0	0	0	0	0	0	3
93	490	0	0.554727838	23.1125148	24.9990635	21.2457754	36.0680852	7.59214415	0	0	0	0	0	0	3
94	494	0	0.560692654	22.8728427	24.8535747	21.2457754	36.0680852	6.33518449	0	0	0	0	0	0	3
95	499	0	0.566657469	22.4682253	24.7092554	21.2457754	36.0680852	5.24611725	0	0	0	0	0	0	3
96	503	0	0.572622285	22.158446	24.5553052	21.2457754	36.0680852	4.27260003	0	0	0	0	0	0	3
97	508	0	0.5785871	21.9322582	24.3906149	21.2457754	36.0680852	3.96602422	0	0	0	0	0	0	3
98	512	0	0.584551916	21.7821923	24.2229204	21.2457754	36.0680852	4.13371873	0	0	0	0	0	0	3
99	517	0	0.590516731	21.7685875	24.0570036	21.2457754	36.0680852	4.29963551	0	0	0	0	0	0	3
100	521	0	0.596481547	22.0636296	23.8902839	21.2457754	35.4343008	4.46635521	0	0	0	0	0	0	3
101	528	0	0.602446362	22.4977127	23.7362769	21.2457754	34.661703	4.62036222	0	0	0	0	0	0	3
102	533	0	0.608411178	23.0152339	23.5976284	21.2457754	34.0021363	4.75901066	0	0	0	0	0	0	3
103	538	0	0.614375993	23.4802581	23.472368	21.2457754	33.083145	4.88427111	0	0	0	0	0	0	3
104	542	0	0.620340808	23.9030406	23.363081	21.2457754	32.5408175	4.99355807	0	0	0	0	0	0	3
105	547	0	0.626305624	24.1011472	23.2626088	21.2457754	31.3806392	5.09403034	0	0	0	0	0	0	3
106	551	0	0.632270439	24.1413724	23.176427	21.2457754	29.9243321	5.18021208	0	0	0	0	0	0	3
107	556	0	0.638235255	23.9194677	23.1049405	21.2457754	28.7975437	5.25169857	0	0	0	0	0	0	3
108	560	0	0.64420007	23.5620637	23.0426134	21.2457754	28.0615726	5.30222305	0	0	0	0	0	0	3
109	565	0	0.650164886	23.0394931	22.9828267	21.2457754	27.3219859	5.3226693	0	0	0	0	0	0	3
110	569	0	0.656129701	22.6099925	22.9267316	21.2457754	26.4889101	5.24313467	0	0	0	0	0	0	3
111	574	0	0.662094517	22.2055152	22.8757388	21.2457754	25.4149527	4.16917732	0	0	0	0	0	0	3
112	579	0	0.668059332	22.1422265	22.8367778	21.2457754	24.4304341	3.18465869	0	0	0	0	0	0	3
113	583	0	0.674024148	22.1846719	22.8100425	21.2457754	24.1413724	2.89559701	0	0	0	0	0	0	3
114	588	0	0.679988963	22.5891803	22.795244	21.2457754	24.1413724	2.89559701	0	0	0	0	0	0	3
115	592	0	0.685953779	22.7261505	22.7861923	21.2457754	24.1413724	2.89559701	0	0	0	0	0	0	3
116	597	0	0.691918594	23.1506333	22.7866587	21.2457754	24.1413724	2.89559701	0	0	0	0	0	0	3
117	602	0	0.69788341	23.3970752	22.7955814	21.2457754	24.1413724	2.89559701	0	0	0	0	0	0	3
118	606	0	0.703848225	23.87996	22.8172132	21.2457754	24.1413724	2.89559701	0	0	0	0	0	0	3
119	611	0	0.70981304	23.9702686	22.8461905	21.2457754	24.1413724	2.89559701	0	0	0	0	0	0	3
120	615	0	0.715777856	23.9809	22.878422	21.2457754	24.1413724	2.89559701	0	0	0	0	0	0	3
121	620	0	0.721742671	23.771563	22.9084909	21.3119639	24.1413724	2.82940852	0	0	0	0	0	0	3
122	625	0	0.727707487	23.4842504	22.9343515	21.4636779	24.1413724	2.67769452	0	0	0	0	0	0	3
123	629	0	0.733672302	23.1606367	22.9545534	21.7567406	24.1413724	2.38463177	0	0	0	0	0	0	3
124	634	0	0.739637118	23.0426664	22.969862	21.7685875	24.1413724	2.37278495	0	0	0	0	0	0	3
125	638	0	0.745601933	23.154335	22.9853758	21.7685875	24.1413724	2.37278495	0	0	0	0	0	0	3
126	643	0	0.751566749	23.4327578	23.0033052	21.7685875	24.1413724	2.37278495	0	0	0	0	0	0	3
127	648	0	0.757531564	23.5317862	23.0223361	21.7685875	24.1413724	2.37278495	0	0	0	0	0	0	3
128	652	0	0.76349638	23.6922191	23.0426809	21.7685875	24.1413724	2.37278495	0	0	0	0	0	0	3
129	657	0	0.769461195	23.8528489	23.0641101	21.7685875	24.1413724	2.37278495	0	0	0	0	0	0	3
130	661	0	0.775426011	24.1137898	23.0868106	21.7685875	24.1413724	2.37278495	0	0	0	0	0	0	3
131	666	0	0.781390826	24.2704646	23.108469	21.7685875	24.2704646	2.50187717	0	0	0	0	0	0	3
132	670	0	0.787355642	24.408395	23.1297215	21.7685875	24.408395	2.63980752	0	0	0	0	0	0	3
133	675	0	0.793320457	24.4215676	23.1484983	21.7685875	24.4215676	2.65298017	0	0	0	0	0	0	3
134	679	0	0.799285272	24.3828301	23.1643733	21.7685875	24.4215676	2.65298017	0	0	0	0	0	0	3
135	684	0	0.805250088	24.2158633	23.1768913	21.7685875	24.4215676	2.65298017	0	0	0	0	0	0	3
136	689	0	0.811214903	23.9777381	23.1861208	21.7685875	24.4215676	2.65298017	0	0	0	0	0	0	3
137	693	0	0.817179719	23.6459309	23.1914226	21.7685875	24.4215676	2.65298017	0	0	0	0	0	0	3
138	698	0	0.823144534	23.3271574	23.1932073	21.7685875	24.4215676	2.65298017	0	0	0	0	0	0	3
139	702	0	0.82910935	23.0359481	23.1935688	21.7685875	24.4215676	2.65298017	0	0	0	0	0	0	3
140	707	0	0.835074165	22.8369791	23.1933741	21.7685875	24.4215676	2.65298017	0	0	0	0	0	0	3
141	712	0	0.841038981	22.652915	23.1943339	21.7685875	24.4215676	2.65298017	0	0	0	0	0	0	3
142	716	0	0.847003796	22.6855856	23.1969987	21.7685875	24.4215676	2.65298017	0	0	0	0	0	0	3
143	721	0	0.852968612	22.6979766	23.2009362	21.7685875	24.4215676	2.65298017	0	0	0	0	0	0	3
144	726	0	0.858933427	22.8922646	23.2086005	21.7685875	24.4215676	2.65298017	0	0	0	0	0	0	3
145	730	0	0.864898243	23.0025053	23.2171633	21.7685875	24.4215676	2.65298017	0	0	0	0	0	0	3
146	735	0	0.870863058	23.0761066	23.2239105	21.7685875	24.4215676	2.65298017	0	0	0	0	0	0	3
147	740	0	0.876827874	23.0957167	23.2283829	21.7685875	24.4215676	2.65298017	0	0	0	0	0	0	3
148	744	0	0.882792689	23.15042	23.231153	21.7685875	24.4215676	2.65298017	0	0	0	0	0	0	3
149	749	0	0.888757504	23.0949811	23.2313482	21.7685875	24.4215676	2.65298017	0	0	0	0	0	0	3
150	753	0	0.89472232	23.057629	23.2308698	21.7685875	24.4215676	2.65298017	0	0	0	0	0	0	3
151	758	0	0.900687135	22.9646861	23.230334	21.7685875	24.4215676	2.65298017	0	0	0	0	0	0	3
152	762	0	0.906651951	22.9295932	23.2307121	21.7685875	24.4215676	2.65298017	0	0	0	0	0	0	3
153	767	0	0.912616766	22.7118885	23.2296136	21.7685875	24.4215676	2.65298017	0	0	0	0	0	0	3
154	771	0	0.918581582	22.5584416	23.2260333	21.7685875	24.4215676	2.65298017	0	0	0	0	0	0	3
155	776	0	0.924546397	22.2727642	23.2172982	21.7685875	24.4215676	2.65298017	0	0	0	0	0	0	3
156	781	0	0.930511213	22.2287482	23.2057784	21.7685875	24.4215676	2.65298017	0	0	0	0	0	0	3
157	785	0	0.936476028	22.0286232	23.1880768	21.7685875	24.4215676	2.65298017	0	0	0	0	0	0	3
158	790	0	0.942440844	21.9957493	23.1677006	21.7685875	24.4215676	2.65298017	0	0	0	0	0	0	3
159	795	0	0.948405659	21.9086127	23.1448286	21.7685875	24.4215676	2.65298017	0	0	0	0	0	0	3
160	799	0	0.954370475	21.9865586	23.1231466	21.7685875	24.4215676	2.65298017	0	0	0	0	0	0	3
161	804	0	0.96033529	22.080704	23.1036714	21.7685875	24.4215676	2.65298017	0	0	0	0	0	0	3
162	809	0	0.966300106	22.364553	23.0904485	21.7685875	24.4215676	2.65298017	0	0	0	0	0	0	3
163	813	0	0.972264921	22.5084088	23.0810988	21.7685875	24.4215676	2.65298017	0	0	0	0	0	0	3
164	818	0	0.978229736	22.8274908	23.0772976	21.7685875	24.4215676	2.65298017	0	0	0	0	0	0	3
165	822	0	0.984194552	23.0666178	23.0764088	21.7685875	24.4215676	2.65298017	0	0	0	0	0	0	3
166	827	0	0.990159367	23.4734979	23.080282	21.7685875	24.4215676	2.65298017	0	0	0	0	0	0	3
167	831	0	0.996124183	23.7224714	23.0879868	21.7685875	24.4215676	2.65298017	0	0	0	0	0	0	3
168	836	0	1.002089	23.8459436	23.0968035	21.7685875	24.4215676	2.65298017	0.444669295	0	16.7	0	0	0	3
169	841	0	1.00805381	23.7417174	23.1045683	21.7685875	24.4215676	2.65298017	0.444669295	0	16.7	0	0	0	3
170	846	0	1.01401863	23.473813	23.1067113	21.7685875	24.4215676	2.63891613	0.444669295	0	16.8	0	0	0	3
171	850	0	1.01998344	23.1567819	23.1036474	21.7685875	24.4215676	2.62878258	0.444669295	0	16.9	0	0	0	3
172	855	0	1.02594826	22.8457622	23.0955911	21.7685875	24.4215676	2.59230398	0.444669295	0	17.1	0	0	0	3
173	859	0	1.03191308	22.5416048	23.083815	21.7685875	24.4215676	2.52381318	0.444669295	0	17.6	0	0	0	3
174	864	0	1.03787789	22.3994653	23.0715201	21.7685875	24.4215676	2.44436457	0.444669295	0	18.1	0	0	0	3
175	869	0	1.04384271	22.4855254	23.0619068	21.7685875	24.4215676	2.34006273	0.444669295	0	19	0	0	0	3
176	873	0	1.04980752	22.8660147	23.0572253	21.7685875	24.4215676	2.21287121	0.444669295	0	20	0	0	0	3
177	878	0	1.05577234	23.3020585	23.0594818	21.7685875	24.4215676	2.06738249	0.444669295	0	21.5	0	0	0	3
178	883	0	1.06173715	23.8155076	23.070704	21.7685875	24.4215676	1.92306314	0.444669295	0	23.1	0	0	0	3
179	888	0	1.06770197	24.3080956	23.0926072	21.7685875	24.4215676	1.76911295	0.444669295	0	25.1	0	0	0	3
180	892	0	1.07366678	24.689391	23.1227375	21.7685875	24.689391	1.60442262	0.444669295	0	27.7	0	0	0	3
181	897	0	1.0796316	24.8127305	23.1570288	21.7685875	24.8127305	1.43672812	0.444669295	0	30.9	0	0	0	3
182	901	0	1.08559641	24.7856399	23.1927842	21.7685875	24.8127305	1.27081134	0.444669295	0	34.9	0	0	0	3
183	906	0	1.09156123	24.5140721	23.2254685	21.9086127	24.8127305	1.10409163	0.444669295	0	40.2	0	0	0	3
184	911	0	1.09752605	24.0463809	23.2490727	21.9086127	24.8127305	0.950084629	0.444669295	0	46.8	0	0	0	3
185	915	0	1.10349086	23.3416068	23.259119	21.9086127	24.8127305	0.811436187	0.444669295	0	54.8	0	0	0	3
186	920	0	1.10945568	22.6477934	23.2547447	21.9086127	24.8127305	0.686175732	0.444669295	0	64.8	0	0	0	3
187	925	0	1.11542049	21.898848	23.2359184	21.898848	24.8127305	0.576888775	0.444669295	0	77	0	0	0	3
188	929	0	1.12138531	21.2470458	23.2042995	21.2470458	24.8127305	0.476416509	0.444669295	0	93.3	0	0	0	3
189	934	0	1.12735012	20.7823033	23.1647894	20.7823033	24.8127305	0.472926788	0.444669295	0	94	0	0	0	3
190	939	0	1.13331494	20.6735245	23.1235055	20.6735245	24.8127305	0.472926788	0.444669295	0	94	0	0	0	3
191	944	0	1.13927975	20.898183	23.0875378	20.6735245	24.8127305	0.472926788	0.444669295	0	94	0	0	0	3
192	948	0	1.14524457	21.4384705	23.062257	20.6735245	24.8127305	0.472926788	0.444669295	0	94	0	0	0	3
193	953	0	1.15120938	21.9526296	23.0493181	20.6735245	24.8127305	0.472926788	0.444669295	0	94	0	0	0	3
194	957	0	1.1571742	22.3786295	23.0465638	20.6735245	24.8127305	0.472926788	0.444669295	0	94	0	0	0	3
195	962	0	1.16313902	22.7098554	23.0525678	20.6735245	24.8127305	0.472926788	0.444669295	0	94	0	0	0	3
196	967	0	1.16910383	22.9578489	23.0622776	20.6735245	24.8127305	0.472926788	0.444669295	0	94	0	0	0	3
197	971	0	1.17506865	22.9985934	23.0719672	20.6735245	24.8127305	0.472926788	0.444669295	0	94	0	0	0	3
198	976	0	1.18103346	22.9424959	23.0761733	20.6735245	24.8127305	0.472926788	0.444669295	0	94	0	0	0	3
199	980	0	1.18699828	22.7633545	23.0766162	20.6735245	24.8127305	0.472460353	0.444669295	0	94.1	0	0	0	3
200	985	0	1.19296309	22.496615	23.0688303	20.6735245	24.8127305	0.463537682	0.444669295	0	95.9	0	0	0	3
201	991	0	1.19892791	22.1092434	23.0534989	20.6735245	24.8127305	0.441905867	0.444669295	0	100	0	0	0	3
202	996	0	1.20489272	21.825943	23.0290464	20.6735245	24.8127305	0.412928494	0.444669295	0	100	0	0	0	3
203	1000	0	1.21085754	21.6868269	23.0018625	20.6735245	24.8127305	0.380697018	0.444669295	0	100	0	0	0	3
204	1005	0	1.21682236	21.8197941	22.9761351	20.6735245	24.8127305	0.350628117	0.444669295	0	100	0	0	0	3
205	1009	0	1.22278717	22.1855443	22.9572539	20.6735245	24.8127305	0.324767564	0.444669295	0	100	0	0	0	3
206	1013	0	1.22875199	22.6604589	22.9474469	20.6735245	24.8127305	0.311672178	0.444669295	0	100	0	0	0	3
207	1018	0	1.2347168	23.0933699	22.9466461	20.6735245	24.8127305	0.312472973	0.444669295	0	100	0	0	0	3
208	1022	0	1.24068162	23.5995121	22.9532752	20.6735245	24.8127305	0.312472973	0.444669295	0	100	0	0	0	3
209	1027	0	1.24664643	23.9816494	22.9631242	20.6735245	24.8127305	0.312472973	0.444669295	0	100	0	0	0	3
210	1031	0	1.25261125	24.3602598	22.9741659	20.6735245	24.8127305	0.312472973	0.444669295	0	100	0	0	0	3
211	1036	0	1.25857606	24.4298987	22.9848577	20.6735245	24.8127305	0.312472973	0.444669295	0	100	0	0	0	3
212	1040	0	1.26454088	24.3195743	22.9923262	20.6735245	24.8127305	0.312472973	0.444669295	0	100	0	0	0	3
213	1044	0	1.27050569	24.1235221	22.9955485	20.6735245	24.8127305	0.312472973	0.444669295	0	100	0	0	0	3
214	1049	0	1.27647051	23.8547511	22.9924647	20.6735245	24.8127305	0.312472973	0.444669295	0	100	0	0	0	3
215	1053	0	1.28243533	23.5866192	22.9843237	20.6735245	24.8127305	0.312472973	0.444669295	0	100	0	0	0	3
216	1058	0	1.28840014	23.3371334	22.9715706	20.6735245	24.8127305	0.312472973	0.444669295	0	100	0	0	0	3
217	1062	0	1.29436496	23.3064487	22.9582953	20.6735245	24.8127305	0.312472973	0.444669295	0	100	0	0	0	3
218	1067	0	1.30032977	23.3620747	22.9461435	20.6735245	24.8127305	0.31297556	0.444669295	0	100	0	0	0	3
219	1071	0	1.30629459	23.6768885	22.9397271	20.6735245	24.8127305	0.319391926	0.444669295	0	100	0	0	0	3
220	1075	0	1.3122594	23.8618867	22.9383479	20.6735245	24.8127305	0.32077111	0.444669295	0	100	0	0	0	3
221	1080	0	1.31822422	24.056293	22.9432332	20.6735245	24.8127305	0.32077111	0.444669295	0	100	0	0	0	3
222	1084	0	1.32418903	24.2506037	22.9542266	20.6735245	24.8127305	0.32077111	0.444669295	0	100	0	0	0	3
223	1088	0	1.33015385	24.4037945	22.9705105	20.6735245	24.8127305	0.32077111	0.444669295	0	100	0	0	0	3
224	1093	0	1.33611866	24.5025966	22.9903393	20.6735245	24.8127305	0.32077111	0.444669295	0	100	0	0	0	3
225	1097	0	1.34208348	24.5906145	23.0134071	20.6735245	24.8127305	0.32077111	0.444669295	0	100	0	0	0	3
226	1102	0	1.3480483	24.5088826	23.035113	20.6735245	24.8127305	0.32077111	0.444669295	0	100	0	0	0	3
227	1106	0	1.35401311	24.3617194	23.0549195	20.6735245	24.8127305	0.32077111	0.444669295	0	100	0	0	0	3
228	1110	0	1.35997793	24.1889071	23.0703557	20.6735245	24.8127305	0.32077111	0.444669295	0	100	0	0	0	3
229	1115	0	1.36594274	23.9301349	23.0813989	20.6735245	24.8127305	0.32077111	0.444669295	0	100	0	0	0	3
230	1119	0	1.37190756	23.7411971	23.0893167	20.6735245	24.8127305	0.32077111	0.444669295	0	100	0	0	0	3
231	1124	0	1.37787237	23.7516941	23.0971259	20.6735245	24.8127305	0.32077111	0.444669295	0	100	0	0	0	3
232	1128	0	1.38383719	23.9000031	23.1060495	20.6735245	24.8127305	0.32077111	0.444669295	0	100	0	0	0	3
233	1133	0	1.389802	23.8877735	23.1154875	20.6735245	24.8127305	0.32077111	0.444669295	0	100	0	0	0	3
234	1137	0	1.39576682	23.7812159	23.1241017	20.6735245	24.8127305	0.32077111	0.444669295	0	100	0	0	0	3
235	1142	0	1.40173163	23.4453771	23.1298242	20.6735245	24.8127305	0.32077111	0.444669295	0	100	0	0	0	3
236	1146	0	1.40769645	23.1250701	23.1321513	20.6735245	24.8127305	0.32077111	0.444669295	0	100	0	0	0	3
237	1151	0	1.41366127	22.8973972	23.1343597	20.6735245	24.8127305	0.32077111	0.444669295	0	100	0	0	0	3
238	1156	0	1.41962608	22.757637	23.1367311	20.6735245	24.8127305	0.32077111	0.444669295	0	100	0	0	0	3
239	1160	0	1.4255909	22.6581848	23.1413194	20.6735245	24.8127305	0.32077111	0.444669295	0	100	0	0	0	3
240	1165	0	1.43155571	22.6388107	23.1462011	20.6735245	24.8127305	0.32077111	0.444669295	0	100	0	0	0	3
241	1170	0	1.43752053	22.699059	23.1541825	20.6735245	24.8127305	0.32077111	0.444669295	0	100	0	0	0	3
242	1174	0	1.44348534	22.8774357	23.1646788	20.6735245	24.8127305	0.32077111	0.444669295	0	100	0	0	0	3
243	1179	0	1.44945016	23.0680971	23.1784822	20.6735245	24.8127305	0.32077111	0.444669295	0	100	0	0	0	3
244	1184	0	1.45541497	23.2964896	23.1940766	20.6735245	24.8127305	0.32077111	0.444669295	0	100	0	0	0	3
245	1189	0	1.46137979	23.5870644	23.2120094	20.6735245	24.8127305	0.32077111	0.444669295	0	100	0	0	0	3
246	1193	0	1.4673446	23.7187103	23.2281304	20.6735245	24.8127305	0.32077111	0.444669295	0	100	0	0	0	3
247	1198	0	1.47330942	23.7463157	23.2428673	20.6735245	24.8127305	0.32077111	0.444669295	0	100	0	0	0	3
248	1203	0	1.47927424	23.7972503	23.2544121	20.6735245	24.8127305	0.32077111	0.444669295	0	100	0	0	0	3
249	1207	0	1.48523905	23.8092389	23.2632528	20.6735245	24.8127305	0.324904901	0.444669295	0	100	0	0	0	3
250	1212	0	1.49120387	23.7307452	23.2663153	20.6735245	24.8127305	0.327967368	0.444669295	0	100	0	0	0	3
251	1217	0	1.49716868	23.529257	23.2640151	20.6735245	24.8127305	0.327967368	0.444669295	0	100	0	0	0	3
252	1222	0	1.5031335	23.3890787	23.2585763	20.6735245	24.8127305	0.327967368	0.444669295	0	100	0	0	0	3
253	1226	0	1.50909831	23.2741297	23.2530097	20.6735245	24.8127305	0.327967368	0.444669295	0	100	0	0	0	3
254	1231	0	1.51506313	23.3018668	23.2509628	20.6735245	24.8127305	0.327967368	0.444669295	0	100	0	0	0	3
255	1236	0	1.52102794	23.3617864	23.2534033	20.6735245	24.8127305	0.327967368	0.444669295	0	100	0	0	0	3
256	1240	0	1.52699276	23.5191942	23.2614203	20.6735245	24.8127305	0.327967368	0.444669295	0	100	0	0	0	3
257	1245	0	1.53295757	23.8739221	23.2772813	20.6735245	24.8127305	0.338933329	0.444669295	0	100	0	0	0	3
258	1250	0	1.53892239	24.3296527	23.3002597	20.6735245	24.8127305	0.361911751	0.444669295	0	100	0	0	0	3
259	1255	0	1.54488721	24.6585915	23.3261295	20.6735245	24.8127305	0.387781585	0.444669295	0	100	0	0	0	3
260	1259	0	1.55085202	24.8595125	23.3498616	20.6735245	24.8595125	0.411513701	0.444669295	0	100	0	0	0	3
261	1264	0	1.55681684	24.9090355	23.3689923	20.6735245	24.9090355	0.430644379	0.444669295	0	100	0	0	0	3
262	1269	0	1.56278165	24.794656	23.3806488	20.6735245	24.9090355	0.442300908	0.444669295	0	100	0	0	0	3
263	1274	0	1.56874647	24.3857853	23.3815737	20.6735245	24.9090355	0.443225785	0.444669295	0	100	0	0	0	3
264	1278	0	1.57471128	24.0039725	23.373414	20.6735245	24.9090355	0.443225785	0.444669295	0	100	0	0	0	3
265	1283	0	1.5806761	23.5377964	23.3582362	20.6735245	24.9090355	0.443225785	0.444669295	0	100	0	0	0	3
266	1288	0	1.58664091	23.1564168	23.3388407	20.6735245	24.9090355	0.443225785	0.444669295	0	100	0	0	0	3
267	1292	0	1.59260573	22.7638706	23.3180049	20.6735245	24.9090355	0.443225785	0.444669295	0	100	0	0	0	3
268	1297	0	1.59857054	22.5913207	23.3006828	20.6735245	24.9090355	0.443225785	0.444669295	0	100	0	0	0	3
269	1302	0	1.60453536	22.6949592	23.2929846	20.6735245	24.9090355	0.443225785	0.444669295	0	100	0	0	0	3
270	1306	0	1.61050018	22.9892564	23.2970496	20.6735245	24.9090355	0.443225785	0.444669295	0	100	0	0	0	3
271	1311	0	1.61646499	23.2537002	23.3131788	20.6735245	24.9090355	0.443225785	0.444669295	0	100	0	0	0	3
272	1316	0	1.62242981	23.4413032	23.339301	20.6735245	24.9090355	0.443225785	0.444669295	0	100	0	0	0	3
273	1321	0	1.62839462	23.4948889	23.3715936	20.6735245	24.9090355	0.443225785	0.444669295	0	100	0	0	0	3
274	1326	0	1.63435944	23.6013544	23.4064488	20.898183	24.9090355	0.468100824	0.444669295	0	94.9	0	0	0	3
275	1330	0	1.64032425	23.6603683	23.4393319	21.4384705	24.9090355	0.500983984	0.444669295	0	88.7	0	0	0	3
276	1335	0	1.64628907	23.7072825	23.4663416	21.6868269	24.9090355	0.527993649	0.444669295	0	84.2	0	0	0	3
277	1340	0	1.65225388	23.6005389	23.4859595	21.6868269	24.9090355	0.547611617	0.444669295	0	81.2	0	0	0	3
278	1345	0	1.6582187	23.5080151	23.4994046	21.6868269	24.9090355	0.561056683	0.444669295	0	79.2	0	0	0	3
279	1349	0	1.66418352	23.3100374	23.5065496	21.6868269	24.9090355	0.568201707	0.444669295	0	78.2	0	0	0	3
280	1354	0	1.67014833	23.1430605	23.5087545	21.6868269	24.9090355	0.570406607	0.444669295	0	77.9	0	0	0	3
281	1359	0	1.67611315	22.9341081	23.5079869	21.6868269	24.9090355	0.570406607	0.444669295	0	77.9	0	0	0	3
282	1364	0	1.68207796	22.8448071	23.5068239	21.6868269	24.9090355	0.570406607	0.444669295	0	77.9	0	0	0	3
283	1368	0	1.68804278	22.9159217	23.5086402	21.6868269	24.9090355	0.570406607	0.444669295	0	77.9	0	0	0	3
284	1373	0	1.69400759	23.0519591	23.5152514	21.6868269	24.9090355	0.576903479	0.444669295	0	77	0	0	0	3
285	1378	0	1.69997241	23.2874377	23.5292775	21.6868269	24.9090355	0.590929603	0.444669295	0	75.2	0	0	0	3
286	1382	0	1.70593722	23.4837315	23.5490131	21.6868269	24.9090355	0.610665181	0.444669295	0	72.8	0	0	0	3
287	1387	0	1.71190204	23.6977975	23.5729532	21.8197941	24.9090355	0.634605307	0.444669295	0	70	0	0	0	3
288	1392	0	1.71786685	23.8580937	23.5972187	22.1855443	24.9090355	0.658870778	0.444669295	0	67.4	0	0	0	3
289	1397	0	1.72383167	23.8305719	23.6168024	22.5913207	24.9090355	0.67845444	0.444669295	0	65.5	0	0	0	3
290	1402	0	1.72979649	23.5203548	23.6270392	22.5913207	24.9090355	0.688691295	0.444669295	0	64.5	0	0	0	3
291	1406	0	1.7357613	23.2231309	23.628584	22.5913207	24.9090355	0.69023607	0.444669295	0	64.4	0	0	0	3
292	1411	0	1.74172612	22.7969712	23.6190299	22.5913207	24.9090355	0.69023607	0.444669295	0	64.4	0	0	0	3
293	1416	0	1.74769093	22.4794367	23.6011465	22.4794367	24.9090355	0.69023607	0.444669295	0	64.4	0	0	0	3
294	1421	0	1.75365575	22.2529798	23.5760598	22.2529798	24.9090355	0.69023607	0.444669295	0	64.4	0	0	0	3
295	1425	0	1.75962056	22.2666707	23.5503071	22.2529798	24.9090355	0.69023607	0.444669295	0	64.4	0	0	0	3
296	1430	0	1.76558538	22.3573991	23.5269478	22.2529798	24.9090355	0.69023607	0.444669295	0	64.4	0	0	0	3
297	1435	0	1.77155019	22.4659627	23.507215	22.2529798	24.9090355	0.69023607	0.444669295	0	64.4	0	0	0	3
298	1439	0	1.77751501	22.4797459	23.4908459	22.2529798	24.9090355	0.69023607	0.444669295	0	64.4	0	0	0	3
299	1444	0	1.78347982	22.5688398	23.4787295	22.2529798	24.9090355	0.69023607	0.444669295	0	64.4	0	0	0	3
300	1449	0	1.78944464	22.7400408	23.4716212	22.2529798	24.9090355	0.69023607	0.444669295	0	64.4	0	0	0	3
301	1456	0	1.79540946	22.8013736	23.4656084	22.2529798	24.9090355	0.69023607	0.444669295	0	64.4	0	0	0	3
302	1461	0	1.80137427	22.8114373	23.4590532	22.2529798	24.9090355	0.69023607	0.444669295	0	64.4	0	0	0	3
303	1466	0	1.80733909	22.7699037	23.4482558	22.2529798	24.9090355	0.69023607	0.444669295	0	64.4	0	0	0	3
304	1470	0	1.8133039	22.6347436	23.4336469	22.2529798	24.9090355	0.685350807	0.444669295	0	64.8	0	0	0	3
305	1476	0	1.81926872	22.5252634	23.4154204	22.2529798	24.9090355	0.674357398	0.444669295	0	65.9	0	0	0	3
306	1481	0	1.82523353	22.4019775	23.3934129	22.2529798	24.9090355	0.658073513	0.444669295	0	67.5	0	0	0	3
307	1486	0	1.83119835	22.3974552	23.3695279	22.2529798	24.9090355	0.638244733	0.444669295	0	69.6	0	0	0	3
308	1491	0	1.83716316	22.5674544	23.3464905	22.2529798	24.9090355	0.615176881	0.444669295	0	72.2	0	0	0	3
309	1496	0	1.84312798	22.8793632	23.3261185	22.2529798	24.9090355	0.593470965	0.444669295	0	74.9	0	0	0	3
310	1501	0	1.84909279	23.1429501	23.3098574	22.2529798	24.9090355	0.573664503	0.444669295	0	77.5	0	0	0	3
311	1506	0	1.85505761	23.3542062	23.2978632	22.2529798	24.9090355	0.558228283	0.444669295	0	79.6	0	0	0	3
312	1510	0	1.86102243	23.4766991	23.2893845	22.2529798	24.9090355	0.547185073	0.444669295	0	81.2	0	0	0	3
313	1515	0	1.86698724	23.5571197	23.2849439	22.2529798	24.9090355	0.539267329	0.444669295	0	82.4	0	0	0	3
314	1520	0	1.87295206	23.5427072	23.2825809	22.2529798	24.9090355	0.531458075	0.444669295	0	83.6	0	0	0	3
315	1525	0	1.87891687	23.3891365	23.2782647	22.2529798	24.9090355	0.522534467	0.444669295	0	85	0	0	0	3
316	1530	0	1.88488169	23.268353	23.2707451	22.2529798	24.9090355	0.513096462	0.444669295	0	86.6	0	0	0	3
317	1535	0	1.8908465	23.0407314	23.2606613	22.2529798	24.9090355	0.504482333	0.444669295	0	88.1	0	0	0	3
318	1539	0	1.89681132	22.9909845	23.2512537	22.2529798	24.9090355	0.498759821	0.444669295	0	89.1	0	0	0	3
319	1544	0	1.90277613	23.1116161	23.2472804	22.2529798	24.9090355	0.496432714	0.444669295	0	89.5	0	0	0	3
320	1549	0	1.90874095	23.4679978	23.2513629	22.2529798	24.9090355	0.494224278	0.444669295	0	89.9	0	0	0	3
321	1554	0	1.91470576	23.849956	23.2627029	22.2529798	24.9090355	0.491852905	0.444669295	0	90.4	0	0	0	3
322	1559	0	1.92067058	24.2841511	23.2808756	22.2529798	24.9090355	0.487264564	0.444669295	0	91.2	0	0	0	3
323	1564	0	1.9266354	24.4428285	23.3021214	22.2529798	24.9090355	0.482382867	0.444669295	0	92.1	0	0	0	3
324	1568	0	1.93260021	24.5751824	23.3251734	22.2529798	24.9090355	0.474401488	0.444669295	0	93.7	0	0	0	3
325	1573	0	1.93856503	24.471813	23.3462777	22.2529798	24.9090355	0.463905222	0.444669295	0	95.8	0	0	0	3
326	1578	0	1.94452984	24.382437	23.3641943	22.2529798	24.9090355	0.450101837	0.444669295	0	98.7	0	0	0	3
327	1583	0	1.95049466	24.04428	23.3758156	22.2529798	24.9090355	0.43450742	0.444669295	0	100	0	0	0	3
328	1588	0	1.95645947	23.7163371	23.3808137	22.2529798	24.9090355	0.416574558	0.444669295	0	100	0	0	0	3
329	1592	0	1.96242429	23.3199753	23.3776341	22.2529798	24.9090355	0.400453637	0.444669295	0	100	0	0	0	3
330	1597	0	1.9683891	23.0837365	23.3700749	22.2529798	24.9090355	0.385716651	0.444669295	0	100	0	0	0	3
331	1602	0	1.97435392	22.7977387	23.3587823	22.2529798	24.9090355	0.381303608	0.444669295	0	100	0	0	0	3
332	1607	0	1.98031873	22.6996333	23.3457155	22.2529798	24.9090355	0.381303608	0.444669295	0	100	0	0	0	3
333	1612	0	1.98628355	22.5327124	23.3305187	22.2529798	24.9090355	0.381303608	0.444669295	0	100	0	0	0	3
334	1616	0	1.99224837	22.6856385	23.318077	22.2529798	24.9090355	0.381303608	0.444669295	0	100	0	0	0	3
335	1621	0	1.99821318	22.7088947	23.3083107	22.2529798	24.9090355	0.381303608	0.444669295	0	100	0	0	0	3
336	1626	0	2.004178	22.8092126	23.3014076	22.2529798	24.9090355	0.381303608	0.444669295	0	100	0	0	0	3
337	1631	0	2.01014281	22.7163663	23.2947675	22.2529798	24.9090355	0.381303608	0.444669295	0	100	0	0	0	3
338	1636	0	2.01610763	22.7214463	23.2878578	22.2529798	24.9090355	0.381303608	0.444669295	0	100	0	0	0	3
339	1640	0	2.02207244	22.6406714	23.2792731	22.2529798	24.9090355	0.381303608	0.444669295	0	100	0	0	0	3
340	1645	0	2.02803726	22.6366411	23.2687665	22.2529798	24.9090355	0.381303608	0.444669295	0	100	0	0	0	3
341	1650	0	2.03400207	22.4732334	23.2520916	22.2529798	24.9090355	0.381303608	0.444669295	0	100	0	0	0	3
342	1655	0	2.03996689	22.3636204	23.2286865	22.2529798	24.9090355	0.399897535	0.444669295	0	100	0	0	0	3
343	1660	0	2.0459317	22.2672664	23.2002183	22.2529798	24.9090355	0.428365691	0.444669295	0	100	0	0	0	3
344	1665	0	2.05189652	22.2661848	23.1693454	22.2529798	24.9090355	0.459238639	0.444669295	0	96.8	0	0	0	3
345	1670	0	2.05786134	22.2886788	23.1381506	22.2529798	24.794656	0.490433362	0.444669295	0	90.6	0	0	0	3
346	1675	0	2.06382615	22.4299288	23.1099991	22.2529798	24.5751824	0.518584876	0.444669295	0	85.7	0	0	0	3
347	1680	0	2.06979097	22.7254776	23.0902336	22.2529798	24.5751824	0.538350444	0.444669295	0	82.5	0	0	0	3
348	1685	0	2.07575578	23.1766479	23.0803845	22.2529798	24.5751824	0.548199548	0.444669295	0	81.1	0	0	0	3
349	1690	0	2.0817206	23.5118474	23.0800755	22.2529798	24.5751824	0.548508465	0.444669295	0	81	0	0	0	3
350	1694	0	2.08768541	23.8358326	23.0881638	22.2529798	24.5751824	0.548508465	0.444669295	0	81	0	0	0	3
351	1699	0	2.09365023	24.0217271	23.1031383	22.2529798	24.5751824	0.548508465	0.444669295	0	81	0	0	0	3
352	1704	0	2.09961504	24.1640591	23.1218614	22.2529798	24.5751824	0.548508465	0.444669295	0	81	0	0	0	3
353	1709	0	2.10557986	24.157045	23.1392672	22.2529798	24.5751824	0.548508465	0.444669295	0	81	0	0	0	3
354	1715	0	2.11154468	24.0288869	23.1516437	22.2529798	24.5751824	0.548508465	0.444669295	0	81	0	0	0	3
355	1720	0	2.11750949	23.7973097	23.1581153	22.2529798	24.5751824	0.548508465	0.444669295	0	81	0	0	0	3
356	1724	0	2.12347431	23.5777173	23.1597392	22.2529798	24.5751824	0.548508465	0.444669295	0	81	0	0	0	3
357	1729	0	2.12943912	23.3487071	23.157999	22.2529798	24.5751824	0.548508465	0.444669295	0	81	0	0	0	3
358	1734	0	2.13540394	23.2461323	23.1537701	22.2529798	24.5751824	0.548508465	0.444669295	0	81	0	0	0	3
359	1739	0	2.14136875	23.188811	23.1481564	22.2529798	24.5751824	0.548508465	0.444669295	0	81	0	0	0	3
360	1744	0	2.14733357	23.3470941	23.1438684	22.2529798	24.5751824	0.548508465	0.444669295	0	81	0	0	0	3
361	1749	0	2.15329838	23.5137574	23.1428353	22.2529798	24.5751824	0.548508465	0.444669295	0	81	0	0	0	3
362	1754	0	2.1592632	23.7857606	23.1461418	22.2529798	24.5751824	0.548508465	0.444669295	0	81	0	0	0	3
363	1758	0	2.16522801	23.977447	23.1540871	22.2529798	24.5751824	0.548508465	0.444669295	0	81	0	0	0	3
364	1763	0	2.17119283	24.2652873	23.167447	22.2529798	24.5751824	0.548508465	0.444669295	0	81	0	0	0	3
365	1768	0	2.17715765	24.3787394	23.184645	22.2529798	24.5751824	0.548508465	0.444669295	0	81	0	0	0	3
366	1773	0	2.18312246	24.4559962	23.2038258	22.2529798	24.5751824	0.548508465	0.444669295	0	81	0	0	0	3
367	1778	0	2.18908728	24.4013107	23.221509	22.2529798	24.5751824	0.548508465	0.444669295	0	81	0	0	0	3
368	1783	0	2.19505209	24.1794836	23.2349319	22.2529798	24.5751824	0.548508465	0.444669295	0	81	0	0	0	3
369	1788	0	2.20101691	23.7845143	23.2408495	22.2529798	24.5751824	0.548508465	0.444669295	0	81	0	0	0	3
370	1792	0	2.20698172	23.2785161	23.2384064	22.2529798	24.5751824	0.548508465	0.444669295	0	81	0	0	0	3
371	1797	0	2.21294654	22.740526	23.2270104	22.2529798	24.5751824	0.548508465	0.444669295	0	81	0	0	0	3
372	1802	0	2.21891135	22.3041406	23.2085109	22.2529798	24.5751824	0.548508465	0.444669295	0	81	0	0	0	3
373	1807	0	2.22487617	22.0155215	23.1869032	22.0155215	24.5751824	0.548508465	0.444669295	0	81	0	0	0	3
374	1812	0	2.23084098	21.9385254	23.1680719	21.9385254	24.5751824	0.548508465	0.444669295	0	81	0	0	0	3
375	1817	0	2.2368058	22.0995402	23.1546958	21.9385254	24.5751824	0.538954407	0.444669295	0	82.5	0	0	0	3
376	1822	0	2.24277062	22.1557241	23.1470619	21.9385254	24.5751824	0.521070921	0.444669295	0	85.3	0	0	0	3
377	1827	0	2.24873543	22.1409967	23.1430328	21.9385254	24.5751824	0.495984254	0.444669295	0	89.6	0	0	0	3
378	1831	0	2.25470025	22.1968221	23.1423643	21.9385254	24.5751824	0.470231541	0.444669295	0	94.5	0	0	0	3
379	1836	0	2.26066506	22.2308357	23.1419377	21.9385254	24.5751824	0.446872313	0.444669295	0	99.5	0	0	0	3
380	1841	0	2.26662988	22.3194065	23.1414854	21.9385254	24.5751824	0.427139464	0.444669295	0	100	0	0	0	3
381	1846	0	2.27259469	22.2717518	23.1391734	21.9385254	24.5751824	0.410770355	0.444669295	0	100	0	0	0	3
382	1851	0	2.27855951	22.2276054	23.1361717	21.9385254	24.5751824	0.398653934	0.444669295	0	100	0	0	0	3
383	1856	0	2.28452432	22.1528561	23.1312195	21.9385254	24.5751824	0.391545689	0.444669295	0	100	0	0	0	3
384	1860	0	2.29048914	22.1654704	23.1243794	21.9385254	24.5751824	0.38553289	0.444669295	0	100	0	0	0	3
385	1865	0	2.29645395	22.2026152	23.1172513	21.9385254	24.5751824	0.378977683	0.444669295	0	100	0	0	0	3
386	1870	0	2.30241877	22.3985715	23.1123362	21.9385254	24.5751824	0.368180244	0.444669295	0	100	0	0	0	3
387	1875	0	2.30838359	22.6616436	23.1110474	21.9385254	24.5751824	0.353571398	0.444669295	0	100	0	0	0	3
388	1880	0	2.3143484	22.901379	23.1142217	21.9385254	24.5751824	0.335344856	0.444669295	0	100	0	0	0	3
389	1885	0	2.32031322	22.9224651	23.1189503	21.9385254	24.5751824	0.313337402	0.444669295	0	100	0	0	0	3
390	1890	0	2.32627803	22.993495	23.1259921	21.9385254	24.5751824	0.30073821	0.444669295	0	100	0	0	0	3
391	1895	0	2.33224285	23.0315192	23.1335405	21.9385254	24.5751824	0.30073821	0.444669295	0	100	0	0	0	3
392	1900	0	2.33820766	23.119592	23.1401136	21.9385254	24.5751824	0.30073821	0.444669295	0	100	0	0	0	3
393	1905	0	2.34417248	23.1983738	23.1439113	21.9385254	24.5751824	0.30073821	0.444669295	0	100	0	0	0	3
394	1910	0	2.35013729	23.358548	23.146478	21.9385254	24.5751824	0.30073821	0.444669295	0	100	0	0	0	3
395	1915	0	2.35610211	23.443867	23.1475454	21.9385254	24.5751824	0.30073821	0.444669295	0	100	0	0	0	3
396	1920	0	2.36206692	23.7228429	23.1504756	21.9385254	24.5751824	0.30073821	0.444669295	0	100	0	0	0	3
397	1925	0	2.36803174	23.8239377	23.153652	21.9385254	24.5751824	0.30073821	0.444669295	0	100	0	0	0	3
398	1929	0	2.37399656	23.9962994	23.1590519	21.9385254	24.5751824	0.30073821	0.444669295	0	100	0	0	0	3
399	1934	0	2.37996137	24.1939802	23.1686334	21.9385254	24.5751824	0.30073821	0.444669295	0	100	0	0	0	3
400	1940	0	2.38592619	24.4436494	23.182625	21.9385254	24.5751824	0.30073821	0.444669295	0	100	0	0	0	3
401	1948	0	2.391891	24.6326217	23.2015761	21.9385254	24.6326217	0.30073821	0.444669295	0	100	0	0	0	3
402	1953	0	2.39785582	24.6755534	23.2216305	21.9385254	24.6755534	0.30073821	0.444669295	0	100	0	0	0	3
403	1958	0	2.40382063	24.6768147	23.2402638	21.9385254	24.6768147	0.30073821	0.444669295	0	100	0	0	0	3
404	1963	0	2.40978545	24.5511575	23.2531586	21.9385254	24.6768147	0.30073821	0.444669295	0	100	0	0	0	3
405	1968	0	2.41575026	24.470506	23.2605461	21.9385254	24.6768147	0.30073821	0.444669295	0	100	0	0	0	3
406	1973	0	2.42171508	24.3521074	23.2613551	21.9385254	24.6768147	0.30073821	0.444669295	0	100	0	0	0	3
407	1979	0	2.42767989	24.175009	23.2581668	21.9385254	24.6768147	0.30073821	0.444669295	0	100	0	0	0	3
408	1984	0	2.43364471	24.0385978	23.2517789	21.9385254	24.6768147	0.30073821	0.444669295	0	100	0	0	0	3
409	1989	0	2.43960953	24.0030794	23.2461987	21.9385254	24.6768147	0.30073821	0.444669295	0	100	0	0	0	3
410	1994	0	2.44557434	24.0014998	23.2416637	21.9385254	24.6768147	0.30073821	0.444669295	0	100	0	0	0	3
411	1999	0	2.45153916	24.0805103	23.242095	21.9385254	24.6768147	0.30073821	0.444669295	0	100	0	0	0	3
412	2004	0	2.45750397	24.3632366	23.2497962	21.9385254	24.6768147	0.297558577	0.444669295	0	100	0	0	0	3
413	2009	0	2.46346879	24.6483856	23.2656106	21.9385254	24.6768147	0.289999365	0.444669295	0	100	0	0	0	3
414	2014	0	2.4694336	24.8862513	23.2870691	21.9385254	24.8862513	0.278706782	0.444669295	0	100	0	0	0	3
415	2019	0	2.47539842	24.8556932	23.3115686	21.9385254	24.8862513	0.265639913	0.444669295	0	100	0	0	0	3
416	2024	0	2.48136323	24.6083637	23.3342916	21.9385254	24.8862513	0.254216045	0.444669295	0	100	0	0	0	3
417	2029	0	2.48732805	24.1703693	23.3537875	21.9385254	24.8862513	0.27371196	0.444669295	0	100	0	0	0	3
418	2034	0	2.49329286	23.7600219	23.3665778	21.9385254	24.8862513	0.286502238	0.444669295	0	100	0	0	0	3
419	2039	0	2.49925768	23.2613955	23.3731552	21.9385254	24.8862513	0.293079629	0.444669295	0	100	0	0	0	3
420	2044	0	2.5052225	22.8088624	23.373151	21.9385254	24.8862513	0.293079629	0.444669295	0	100	0	0	0	3
421	2049	0	2.51118731	22.4337074	23.369786	21.9385254	24.8862513	0.293079629	0.444669295	0	100	0	0	0	3
422	2054	0	2.51715213	22.0031998	23.3612355	21.9385254	24.8862513	0.293079629	0.444669295	0	100	0	0	0	3
423	2060	0	2.52311694	21.6045003	23.3489001	21.6045003	24.8862513	0.293079629	0.444669295	0	100	0	0	0	3
424	2065	0	2.52908176	21.4679109	23.3349866	21.4679109	24.8862513	0.293079629	0.444669295	0	100	0	0	0	3
425	2070	0	2.53504657	21.5653393	23.3241784	21.4679109	24.8862513	0.293079629	0.444669295	0	100	0	0	0	3
426	2075	0	2.54101139	21.9317875	23.3190375	21.4679109	24.8862513	0.293079629	0.444669295	0	100	0	0	0	3
427	2081	0	2.5469762	22.3425761	23.319934	21.4679109	24.8862513	0.293079629	0.444669295	0	100	0	0	0	3
428	2086	0	2.55294102	22.6439445	23.3244312	21.4679109	24.8862513	0.293079629	0.444669295	0	100	0	0	0	3
429	2091	0	2.55890584	22.836149	23.3309487	21.4679109	24.8862513	0.293079629	0.444669295	0	100	0	0	0	3
430	2096	0	2.56487065	22.9578469	23.3372334	21.4679109	24.8862513	0.293079629	0.444669295	0	100	0	0	0	3
431	2101	0	2.57083547	22.9184103	23.3395302	21.4679109	24.8862513	0.293079629	0.444669295	0	100	0	0	0	3
432	2106	0	2.57680028	22.8038001	23.3350916	21.4679109	24.8862513	0.293079629	0.444669295	0	100	0	0	0	3
