Iteration	CPUTime	PhysTime	Travels	Value	AvValue	MinValue	MaxValue	Delta	Criteria	Progress	dGMaxMin	CriteriaType	CriteriaVarType	CriteriaPercentage
1	12	0	0.00596481547	-1057.41928	-1057.41928	-1057.41928	-1057.41928	0	0	0	0	0	0	0	3
2	18	0	0.0119296309	-87.9567294	-572.688006	-1057.41928	-87.9567294	484.731277	0	0	0	0	0	0	3
3	22	0	0.0178944464	-32.0187482	-392.46492	-1057.41928	-32.0187482	664.954363	0	0	0	0	0	0	3
4	26	0	0.0238592619	-18.3138258	-298.927147	-1057.41928	-18.3138258	758.492137	0	0	0	0	0	0	3
5	34	0	0.0298240773	-23.1209013	-243.765898	-1057.41928	-18.3138258	813.653386	0	0	0	0	0	0	3
6	39	0	0.0357888928	-18.4184127	-206.207983	-1057.41928	-18.3138258	851.2113	0	0	0	0	0	0	3
7	43	0	0.0417537083	-19.2014271	-179.492761	-1057.41928	-18.3138258	877.926522	0	0	0	0	0	0	3
8	48	0	0.0477185237	-16.8651948	-159.164315	-1057.41928	-16.8651948	898.254968	0	0	0	0	0	0	3
9	52	0	0.0536833392	-16.7878908	-143.344713	-1057.41928	-16.7878908	914.074571	0	0	0	0	0	0	3
10	56	0	0.0596481547	-15.3446732	-130.544709	-1057.41928	-15.3446732	926.874575	0	0	0	0	0	0	3
11	60	0	0.0656129701	-14.9757963	-120.038444	-1057.41928	-14.9757963	937.380839	0	0	0	0	0	0	3
12	64	0	0.0715777856	-14.4143147	-111.236433	-1057.41928	-14.4143147	946.18285	0	0	0	0	0	0	3
13	69	0	0.0775426011	-14.0621937	-103.761492	-1057.41928	-14.0621937	953.657792	0	0	0	0	0	0	3
14	73	0	0.0835074165	-13.6595339	-97.3256375	-1057.41928	-13.6595339	960.093646	0	0	0	0	0	0	3
15	78	0	0.089472232	-13.3814189	-91.7293563	-1057.41928	-13.3814189	965.689927	0	0	0	0	0	0	3
16	82	0	0.0954370475	-13.1403752	-86.817545	-1057.41928	-13.1403752	970.601738	0	0	0	0	0	0	3
17	87	0	0.101401863	-12.8058809	-82.4639177	-1057.41928	-12.8058809	974.955366	0	0	0	0	0	0	3
18	91	0	0.107366678	-12.6244711	-78.5839484	-1057.41928	-12.6244711	978.835335	0	0	0	0	0	0	3
19	96	0	0.113331494	-12.4695191	-75.1042416	-1057.41928	-12.4695191	982.315042	0	0	0	0	0	0	3
20	100	0	0.119296309	-12.2964272	-71.9638509	-1057.41928	-12.2964272	985.455433	0	0	0	0	0	0	3
21	104	0	0.125261125	-12.1622529	-69.1161557	-1057.41928	-12.1622529	988.303128	0	0	0	0	0	0	3
22	109	0	0.13122594	-11.9623963	-66.5182576	-1057.41928	-11.9623963	990.901026	0	0	0	0	0	0	3
23	113	0	0.137190756	-11.852981	-64.1415064	-1057.41928	-11.852981	993.277777	0	0	0	0	0	0	3
24	117	0	0.143155571	-11.7946041	-61.9603855	-1057.41928	-11.7946041	995.458898	0	0	0	0	0	0	3
25	121	0	0.149120387	-11.7904869	-59.9535895	-1057.41928	-11.7904869	997.465694	0	0	0	0	0	0	3
26	126	0	0.155085202	-11.7610629	-58.1000308	-1057.41928	-11.7610629	999.319253	0	0	0	0	0	0	3
27	130	0	0.161050018	-11.7404272	-56.3830085	-1057.41928	-11.7404272	1001.03627	0	0	0	0	0	0	3
28	135	0	0.167014833	-11.7108472	-54.7875741	-1057.41928	-11.7108472	1002.63171	0	0	0	0	0	0	3
29	139	0	0.172979649	-11.7324694	-53.3029154	-1057.41928	-11.7108472	1004.11637	0	0	0	0	0	0	3
30	143	0	0.178944464	-11.7141858	-51.9166244	-1057.41928	-11.7108472	1005.50266	0	0	0	0	0	0	3
31	148	0	0.184909279	-11.711308	-50.6196787	-1057.41928	-11.7108472	1006.7996	0	0	0	0	0	0	3
32	152	0	0.190874095	-11.7263162	-49.4042611	-1057.41928	-11.7108472	1008.01502	0	0	0	0	0	0	3
33	156	0	0.19683891	-11.7557143	-48.2633961	-1057.41928	-11.7108472	1009.15589	0	0	0	0	0	0	3
34	160	0	0.202803726	-11.8016503	-47.1909918	-1057.41928	-11.7108472	1010.22829	0	0	0	0	0	0	3
35	164	0	0.208768541	-11.9298508	-46.1835306	-1057.41928	-11.7108472	1011.23575	0	0	0	0	0	0	3
36	169	0	0.214733357	-11.9833328	-45.2335251	-1057.41928	-11.7108472	1012.18576	0	0	0	0	0	0	3
37	173	0	0.220698172	-12.0407305	-44.3364225	-1057.41928	-11.7108472	1013.08286	0	0	0	0	0	0	3
38	178	0	0.226662988	-12.1060221	-43.4882541	-1057.41928	-11.7108472	1013.93103	0	0	0	0	0	0	3
39	182	0	0.232627803	-12.2235165	-42.6865942	-1057.41928	-11.7108472	1014.73269	0	0	0	0	0	0	3
40	186	0	0.238592619	-12.3351094	-41.9278071	-1057.41928	-11.7108472	1015.49148	0	0	0	0	0	0	3
41	191	0	0.244557434	-12.3541355	-41.206498	-1057.41928	-11.7108472	1016.21279	0	0	0	0	0	0	3
42	195	0	0.25052225	-12.3645946	-40.519786	-1057.41928	-11.7108472	1016.8995	0	0	0	0	0	0	3
43	200	0	0.256487065	-12.3852863	-39.8654953	-1057.41928	-11.7108472	1017.55379	0	0	0	0	0	0	3
44	205	0	0.262451881	-12.4294461	-39.2419487	-1057.41928	-11.7108472	1018.17733	0	0	0	0	0	0	3
45	209	0	0.268416696	-12.493071	-38.6475292	-1057.41928	-11.7108472	1018.77175	0	0	0	0	0	0	3
46	213	0	0.274381511	-12.5561931	-38.0803263	-1057.41928	-11.7108472	1019.33896	0	0	0	0	0	0	3
47	218	0	0.280346327	-12.6351814	-37.5389402	-1057.41928	-11.7108472	1019.88034	0	0	0	0	0	0	3
48	222	0	0.286311142	-12.7049596	-37.0215656	-1057.41928	-11.7108472	1020.39772	0	0	0	0	0	0	3
49	227	0	0.292275958	-12.8038629	-36.5273268	-1057.41928	-11.7108472	1020.89196	0	0	0	0	0	0	3
50	293	0	0.298240773	-12.8719932	-36.0542201	-1057.41928	-11.7108472	1021.36506	0	0	0	0	0	0	3
51	298	0	0.304205589	-12.9614244	-35.6014202	-1057.41928	-11.7108472	1021.81786	0	0	0	0	0	0	3
52	307	0	0.310170404	-13.0618693	-35.1679673	-1057.41928	-11.7108472	1022.25132	0	0	0	0	0	0	3
53	312	0	0.31613522	-13.1505693	-34.7525447	-1057.41928	-11.7108472	1022.66674	0	0	0	0	0	0	3
54	317	0	0.322100035	-13.2421694	-34.3542044	-1057.41928	-11.7108472	1023.06508	0	0	0	0	0	0	3
55	321	0	0.328064851	-13.2894111	-33.9712082	-1057.41928	-11.7108472	1023.44808	0	0	0	0	0	0	3
56	326	0	0.334029666	-13.3272261	-33.6025656	-1057.41928	-11.7108472	1023.81672	0	0	0	0	0	0	3
57	331	0	0.339994482	-13.364761	-33.2475164	-1057.41928	-11.7108472	1024.17177	0	0	0	0	0	0	3
58	335	0	0.345959297	-13.3914112	-32.9051698	-1057.41928	-11.7108472	1024.51411	0	0	0	0	0	0	3
59	340	0	0.351924113	-13.4498939	-32.5754193	-1057.41928	-11.7108472	1024.84386	0	0	0	0	0	0	3
60	344	0	0.357888928	-13.5184018	-32.2578024	-1057.41928	-11.7108472	1025.16148	0	0	0	0	0	0	3
61	349	0	0.363853743	-13.5458502	-31.9510491	-1057.41928	-11.7108472	1025.46823	0	0	0	0	0	0	3
62	353	0	0.369818559	-13.5838461	-31.6548039	-1057.41928	-11.7108472	1025.76448	0	0	0	0	0	0	3
63	358	0	0.375783374	-13.6183445	-31.3685109	-1057.41928	-11.7108472	1026.05077	0	0	0	0	0	0	3
64	362	0	0.38174819	-13.6623902	-31.0918527	-1057.41928	-11.7108472	1026.32743	0	0	0	0	0	0	3
65	366	0	0.387713005	-13.6537405	-30.8235741	-1057.41928	-11.7108472	1026.59571	0	0	0	0	0	0	3
66	370	0	0.393677821	-13.6703217	-30.5636763	-1057.41928	-11.7108472	1026.85561	0	0	0	0	0	0	3
67	374	0	0.399642636	-13.6702435	-30.3115355	-1057.41928	-11.7108472	1027.10775	0	0	0	0	0	0	3
68	378	0	0.405607452	-13.7201832	-30.067545	-1057.41928	-11.7108472	1027.35174	0	0	0	0	0	0	3
69	383	0	0.411572267	-13.7095454	-29.8304726	-1057.41928	-11.7108472	1027.58881	0	0	0	0	0	0	3
70	387	0	0.417537083	-13.7545217	-29.6008161	-1057.41928	-11.7108472	1027.81847	0	0	0	0	0	0	3
71	392	0	0.423501898	-13.7751649	-29.3779196	-1057.41928	-11.7108472	1028.04136	0	0	0	0	0	0	3
72	396	0	0.429466714	-13.8537862	-29.1623067	-1057.41928	-11.7108472	1028.25698	0	0	0	0	0	0	3
73	400	0	0.435431529	-13.8981414	-28.9532085	-1057.41928	-11.7108472	1028.46607	0	0	0	0	0	0	3
74	404	0	0.441396345	-13.9535869	-28.7505109	-1057.41928	-11.7108472	1028.66877	0	0	0	0	0	0	3
75	408	0	0.44736116	-13.9844882	-28.5536306	-1057.41928	-11.7108472	1028.86565	0	0	0	0	0	0	3
76	412	0	0.453325975	-14.0002146	-28.3621383	-1057.41928	-11.7108472	1029.05715	0	0	0	0	0	0	3
77	416	0	0.459290791	-14.0255804	-28.1759493	-1057.41928	-11.7108472	1029.24333	0	0	0	0	0	0	3
78	421	0	0.465255606	-14.0276935	-27.9945614	-1057.41928	-11.7108472	1029.42472	0	0	0	0	0	0	3
79	426	0	0.471220422	-14.0488398	-27.8180332	-1057.41928	-11.7108472	1029.60125	0	0	0	0	0	0	3
80	431	0	0.477185237	-14.0454915	-27.6458765	-1057.41928	-11.7108472	1029.77341	0	0	0	0	0	0	3
81	435	0	0.483150053	-14.0579586	-27.4781244	-1057.41928	-11.7108472	1029.94116	0	0	0	0	0	0	3
82	440	0	0.489114868	-14.0490189	-27.3143548	-1057.41928	-11.7108472	1030.10493	0	0	0	0	0	0	3
83	445	0	0.495079684	-14.0503478	-27.1545475	-1057.41928	-11.7108472	1030.26474	0	0	0	0	0	0	3
84	449	0	0.501044499	-14.0397312	-26.9984187	-1057.41928	-11.7108472	1030.42086	0	0	0	0	0	0	3
85	454	0	0.507009315	-14.0511706	-14.5773698	-87.9567294	-11.7108472	76.2458822	0	0	0	0	0	0	3
86	458	0	0.51297413	-14.0522675	-13.6975548	-32.0187482	-11.7108472	20.307901	0	0	0	0	0	0	3
87	463	0	0.518938946	-14.0358207	-13.4834723	-23.1209013	-11.7108472	11.4100541	0	0	0	0	0	0	3
88	467	0	0.524903761	-14.0078607	-13.4322108	-23.1209013	-11.7108472	11.4100541	0	0	0	0	0	0	3
89	472	0	0.530868577	-13.9785347	-13.3233731	-19.2014271	-11.7108472	7.49057987	0	0	0	0	0	0	3
90	476	0	0.536833392	-13.9495165	-13.270172	-19.2014271	-11.7108472	7.49057987	0	0	0	0	0	0	3
91	481	0	0.542798207	-13.9468909	-13.2076179	-16.8651948	-11.7108472	5.15434763	0	0	0	0	0	0	3
92	485	0	0.548763023	-13.9225019	-13.1725859	-16.7878908	-11.7108472	5.07704363	0	0	0	0	0	0	3
93	490	0	0.554727838	-13.909534	-13.1383197	-15.3446732	-11.7108472	3.633826	0	0	0	0	0	0	3
94	494	0	0.560692654	-13.8536469	-13.1205694	-14.9757963	-11.7108472	3.26494908	0	0	0	0	0	0	3
95	499	0	0.566657469	-13.8076903	-13.1066634	-14.4143147	-11.7108472	2.70346754	0	0	0	0	0	0	3
96	503	0	0.572622285	-13.7541988	-13.0988049	-14.0621937	-11.7108472	2.35134648	0	0	0	0	0	0	3
97	508	0	0.5785871	-13.7075572	-13.094583	-14.0579586	-11.7108472	2.34711138	0	0	0	0	0	0	3
98	512	0	0.584551916	-13.6601994	-13.0945909	-14.0579586	-11.7108472	2.34711138	0	0	0	0	0	0	3
99	517	0	0.590516731	-13.6563898	-13.0978644	-14.0579586	-11.7108472	2.34711138	0	0	0	0	0	0	3
100	521	0	0.596481547	-13.6251746	-13.1036358	-14.0579586	-11.7108472	2.34711138	0	0	0	0	0	0	3
101	528	0	0.602446362	-13.6379634	-13.1135416	-14.0579586	-11.7108472	2.34711138	0	0	0	0	0	0	3
102	533	0	0.608411178	-13.5907291	-13.1250446	-14.0579586	-11.7108472	2.34711138	0	0	0	0	0	0	3
103	538	0	0.614375993	-13.5720771	-13.1381703	-14.0579586	-11.7108472	2.34711138	0	0	0	0	0	0	3
104	542	0	0.620340808	-13.5420226	-13.1529988	-14.0579586	-11.7108472	2.34711138	0	0	0	0	0	0	3
105	547	0	0.626305624	-13.5289316	-13.1692688	-14.0579586	-11.7108472	2.34711138	0	0	0	0	0	0	3
106	551	0	0.632270439	-13.5092039	-13.1876832	-14.0579586	-11.7108472	2.34711138	0	0	0	0	0	0	3
107	556	0	0.638235255	-13.5272962	-13.2076155	-14.0579586	-11.7108472	2.34711138	0	0	0	0	0	0	3
108	560	0	0.64420007	-13.5216749	-13.2281759	-14.0579586	-11.7108472	2.34711138	0	0	0	0	0	0	3
109	565	0	0.650164886	-13.5287544	-13.2488696	-14.0579586	-11.7108472	2.34711138	0	0	0	0	0	0	3
110	569	0	0.656129701	-13.5438256	-13.2700929	-14.0579586	-11.7108472	2.34711138	0	0	0	0	0	0	3
111	574	0	0.662094517	-13.5716163	-13.2918928	-14.0579586	-11.7108472	2.34711138	0	0	0	0	0	0	3
112	579	0	0.668059332	-13.599082	-13.3143718	-14.0579586	-11.711308	2.34665058	0	0	0	0	0	0	3
113	583	0	0.674024148	-13.6219679	-13.3368658	-14.0579586	-11.711308	2.34665058	0	0	0	0	0	0	3
114	588	0	0.679988963	-13.6314457	-13.3596903	-14.0579586	-11.711308	2.34665058	0	0	0	0	0	0	3
115	592	0	0.685953779	-13.635995	-13.3826033	-14.0579586	-11.7263162	2.33164233	0	0	0	0	0	0	3
116	597	0	0.691918594	-13.6357436	-13.4053345	-14.0579586	-11.7557143	2.30224427	0	0	0	0	0	0	3
117	602	0	0.69788341	-13.6441191	-13.4278156	-14.0579586	-11.8016503	2.25630825	0	0	0	0	0	0	3
118	606	0	0.703848225	-13.6512129	-13.4498342	-14.0579586	-11.9298508	2.12810775	0	0	0	0	0	0	3
119	611	0	0.70981304	-13.6664712	-13.4705082	-14.0579586	-11.9833328	2.07462581	0	0	0	0	0	0	3
120	615	0	0.715777856	-13.6574566	-13.4904383	-14.0579586	-12.0407305	2.01722802	0	0	0	0	0	0	3
121	620	0	0.721742671	-13.667058	-13.5097993	-14.0579586	-12.1060221	1.95193647	0	0	0	0	0	0	3
122	625	0	0.727707487	-13.6295227	-13.5279362	-14.0579586	-12.2235165	1.8344421	0	0	0	0	0	0	3
123	629	0	0.733672302	-13.6280522	-13.5446569	-14.0579586	-12.3351094	1.7228492	0	0	0	0	0	0	3
124	634	0	0.739637118	-13.6383383	-13.5601715	-14.0579586	-12.3541355	1.70382304	0	0	0	0	0	0	3
125	638	0	0.745601933	-13.6588835	-13.5757042	-14.0579586	-12.3645946	1.69336397	0	0	0	0	0	0	3
126	643	0	0.751566749	-13.6961931	-13.5915566	-14.0579586	-12.3852863	1.67267224	0	0	0	0	0	0	3
127	648	0	0.757531564	-13.7148958	-13.6073853	-14.0579586	-12.4294461	1.62851243	0	0	0	0	0	0	3
128	652	0	0.76349638	-13.7203769	-13.6227535	-14.0579586	-12.493071	1.56488758	0	0	0	0	0	0	3
129	657	0	0.769461195	-13.7277063	-13.6374515	-14.0579586	-12.5561931	1.50176549	0	0	0	0	0	0	3
130	661	0	0.775426011	-13.7260522	-13.6513784	-14.0579586	-12.6351814	1.42277718	0	0	0	0	0	0	3
131	666	0	0.781390826	-13.7255109	-13.6643585	-14.0579586	-12.7049596	1.35299899	0	0	0	0	0	0	3
132	670	0	0.787355642	-13.7228021	-13.6764757	-14.0579586	-12.8038629	1.25409562	0	0	0	0	0	0	3
133	675	0	0.793320457	-13.7220962	-13.6874071	-14.0579586	-12.8719932	1.18596539	0	0	0	0	0	0	3
134	679	0	0.799285272	-13.7267925	-13.6975832	-14.0579586	-12.9614244	1.09653419	0	0	0	0	0	0	3
135	684	0	0.805250088	-13.7164545	-13.7065717	-14.0579586	-13.0618693	0.996089265	0	0	0	0	0	0	3
136	689	0	0.811214903	-13.7104094	-13.7142924	-14.0579586	-13.1505693	0.907389231	0	0	0	0	0	0	3
137	693	0	0.817179719	-13.7240109	-13.7211191	-14.0579586	-13.2421694	0.81578917	0	0	0	0	0	0	3
138	698	0	0.823144534	-13.7357288	-13.7269948	-14.0579586	-13.2894111	0.768547453	0	0	0	0	0	0	3
139	702	0	0.82910935	-13.7425381	-13.7323892	-14.0579586	-13.3272261	0.730732479	0	0	0	0	0	0	3
140	707	0	0.835074165	-13.7102664	-13.7369492	-14.0579586	-13.364761	0.693197595	0	0	0	0	0	0	3
141	712	0	0.841038981	-13.6715266	-13.7406011	-14.0579586	-13.3914112	0.666547346	0	0	0	0	0	0	3
142	716	0	0.847003796	-13.6437568	-13.7436053	-14.0579586	-13.4498939	0.608064703	0	0	0	0	0	0	3
143	721	0	0.852968612	-13.6084238	-13.7454925	-14.0579586	-13.5092039	0.548754688	0	0	0	0	0	0	3
144	726	0	0.858933427	-13.5661254	-13.7460607	-14.0579586	-13.5092039	0.548754688	0	0	0	0	0	0	3
145	730	0	0.864898243	-13.5289444	-13.7458594	-14.0579586	-13.5092039	0.548754688	0	0	0	0	0	0	3
146	735	0	0.870863058	-13.4884143	-13.7447233	-14.0579586	-13.4884143	0.569544264	0	0	0	0	0	0	3
147	740	0	0.876827874	-13.484121	-13.7431254	-14.0579586	-13.484121	0.573837608	0	0	0	0	0	0	3
148	744	0	0.882792689	-13.4737796	-13.74088	-14.0579586	-13.4737796	0.584179012	0	0	0	0	0	0	3
149	749	0	0.888757504	-13.4869467	-13.7388944	-14.0579586	-13.4737796	0.584179012	0	0	0	0	0	0	3
150	753	0	0.89472232	-13.482018	-13.7366527	-14.0579586	-13.4737796	0.584179012	0	0	0	0	0	0	3
151	758	0	0.900687135	-13.4732168	-13.7343071	-14.0579586	-13.4732168	0.584741795	0	0	0	0	0	0	3
152	762	0	0.906651951	-13.4869028	-13.73153	-14.0579586	-13.4732168	0.584741795	0	0	0	0	0	0	3
153	767	0	0.912616766	-13.5134334	-13.7291953	-14.0579586	-13.4732168	0.584741795	0	0	0	0	0	0	3
154	771	0	0.918581582	-13.5299667	-13.726522	-14.0579586	-13.4732168	0.584741795	0	0	0	0	0	0	3
155	776	0	0.924546397	-13.560795	-13.72397	-14.0579586	-13.4732168	0.584741795	0	0	0	0	0	0	3
156	781	0	0.930511213	-13.5653613	-13.7205364	-14.0579586	-13.4732168	0.584741795	0	0	0	0	0	0	3
157	785	0	0.936476028	-13.6246783	-13.7172809	-14.0579586	-13.4732168	0.584741795	0	0	0	0	0	0	3
158	790	0	0.942440844	-13.6549389	-13.7137255	-14.0579586	-13.4732168	0.584741795	0	0	0	0	0	0	3
159	795	0	0.948405659	-13.707165	-13.7104241	-14.0579586	-13.4732168	0.584741795	0	0	0	0	0	0	3
160	799	0	0.954370475	-13.7408357	-13.7073362	-14.0579586	-13.4732168	0.584741795	0	0	0	0	0	0	3
161	804	0	0.96033529	-13.7855326	-13.7044785	-14.0579586	-13.4732168	0.584741795	0	0	0	0	0	0	3
162	809	0	0.966300106	-13.8174024	-13.7019751	-14.0579586	-13.4732168	0.584741795	0	0	0	0	0	0	3
163	813	0	0.972264921	-13.8593728	-13.6997195	-14.0579586	-13.4732168	0.584741795	0	0	0	0	0	0	3
164	818	0	0.978229736	-13.912821	-13.6981401	-14.0579586	-13.4732168	0.584741795	0	0	0	0	0	0	3
165	822	0	0.984194552	-13.9602136	-13.6969765	-14.0522675	-13.4732168	0.579050681	0	0	0	0	0	0	3
166	827	0	0.990159367	-13.9847246	-13.6962111	-14.0522675	-13.4732168	0.579050681	0	0	0	0	0	0	3
167	831	0	0.996124183	-14.0259864	-13.695921	-14.0522675	-13.4732168	0.579050681	0	0	0	0	0	0	3
168	836	0	1.002089	-14.0422203	-13.6959507	-14.0522675	-13.4732168	0.579050681	0.609237029	0	100	0	0	0	3
169	841	0	1.00805381	-14.0437137	-13.6958619	-14.0522675	-13.4732168	0.579050681	0.609237029	0	100	0	0	0	3
170	846	0	1.01401863	-14.0268632	-13.6955595	-14.0437137	-13.4732168	0.570496957	0.609237029	0	100	0	0	0	3
171	850	0	1.01998344	-14.0103087	-13.6952557	-14.0437137	-13.4732168	0.570496957	0.609237029	0	100	0	0	0	3
172	855	0	1.02594826	-13.9904165	-13.6950481	-14.0437137	-13.4732168	0.570496957	0.609237029	0	100	0	0	0	3
173	859	0	1.03191308	-13.9657465	-13.6948958	-14.0437137	-13.4732168	0.570496957	0.609237029	0	100	0	0	0	3
174	864	0	1.03787789	-13.935479	-13.6947287	-14.0437137	-13.4732168	0.570496957	0.609237029	0	100	0	0	0	3
175	869	0	1.04384271	-13.9373284	-13.6946149	-14.0437137	-13.4732168	0.570496957	0.609237029	0	100	0	0	0	3
176	873	0	1.04980752	-13.9062267	-13.6944211	-14.0437137	-13.4732168	0.570496957	0.609237029	0	100	0	0	0	3
177	878	0	1.05577234	-13.892014	-13.6942126	-14.0437137	-13.4732168	0.570496957	0.609237029	0	100	0	0	0	3
178	883	0	1.06173715	-13.8678719	-13.6943819	-14.0437137	-13.4732168	0.570496957	0.609237029	0	100	0	0	0	3
179	888	0	1.06770197	-13.8475615	-13.6948566	-14.0437137	-13.4732168	0.570496957	0.609237029	0	100	0	0	0	3
180	892	0	1.07366678	-13.8017093	-13.6954222	-14.0437137	-13.4732168	0.570496957	0.609237029	0	100	0	0	0	3
181	897	0	1.0796316	-13.7531509	-13.6959649	-14.0437137	-13.4732168	0.570496957	0.609237029	0	100	0	0	0	3
182	901	0	1.08559641	-13.6964402	-13.6963964	-14.0437137	-13.4732168	0.570496957	0.609237029	0	100	0	0	0	3
183	906	0	1.09156123	-13.6614912	-13.6964571	-14.0437137	-13.4732168	0.570496957	0.609237029	0	100	0	0	0	3
184	911	0	1.09752605	-13.6207011	-13.6964039	-14.0437137	-13.4732168	0.570496957	0.609237029	0	100	0	0	0	3
185	915	0	1.10349086	-13.5731441	-13.6956322	-14.0437137	-13.4732168	0.570496957	0.609237029	0	100	0	0	0	3
186	920	0	1.10945568	-13.5171746	-13.6947566	-14.0437137	-13.4732168	0.570496957	0.609237029	0	100	0	0	0	3
187	925	0	1.11542049	-13.4833841	-13.6937007	-14.0437137	-13.4732168	0.570496957	0.609237029	0	100	0	0	0	3
188	929	0	1.12138531	-13.4425219	-13.6925162	-14.0437137	-13.4425219	0.576791831	0.609237029	0	100	0	0	0	3
189	934	0	1.12735012	-13.4388493	-13.6914437	-14.0437137	-13.4388493	0.558377455	0.609237029	0	100	0	0	0	3
190	939	0	1.13331494	-13.4379871	-13.6905959	-14.0437137	-13.4379871	0.538445131	0.609237029	0	100	0	0	0	3
191	944	0	1.13927975	-13.44517	-13.6896182	-14.0437137	-13.4379871	0.517884764	0.609237029	0	100	0	0	0	3
192	948	0	1.14524457	-13.4657442	-13.6889524	-14.0437137	-13.4379871	0.497191104	0.609237029	0	100	0	0	0	3
193	953	0	1.15120938	-13.4613426	-13.6881499	-14.0437137	-13.4379871	0.475967738	0.609237029	0	100	0	0	0	3
194	957	0	1.1571742	-13.455964	-13.6871039	-14.0437137	-13.4379871	0.454167869	0.609237029	0	100	0	0	0	3
195	962	0	1.16313902	-13.4572067	-13.6857419	-14.0437137	-13.4379871	0.431688883	0.609237029	0	100	0	0	0	3
196	967	0	1.16910383	-13.4706991	-13.6842135	-14.0437137	-13.4379871	0.409194853	0.609237029	0	100	0	0	0	3
197	971	0	1.17506865	-13.4911642	-13.6826563	-14.0437137	-13.4379871	0.38637033	0.609237029	0	100	0	0	0	3
198	976	0	1.18103346	-13.5190509	-13.6813183	-14.0437137	-13.4379871	0.36345739	0.609237029	0	100	0	0	0	3
199	980	0	1.18699828	-13.5325757	-13.6800871	-14.0437137	-13.4379871	0.340726111	0.609237029	0	100	0	0	0	3
200	985	0	1.19296309	-13.5550804	-13.6791268	-14.0437137	-13.4379871	0.318245102	0.609237029	0	100	0	0	0	3
201	991	0	1.19892791	-13.5469667	-13.6779703	-14.0437137	-13.4379871	0.2962265	0.609237029	0	100	0	0	0	3
202	996	0	1.20489272	-13.5895935	-13.6772367	-14.0437137	-13.4379871	0.275552448	0.609237029	0	100	0	0	0	3
203	1000	0	1.21085754	-13.6587912	-13.6771453	-14.0437137	-13.4379871	0.255622401	0.609237029	0	100	0	0	0	3
204	1005	0	1.21682236	-13.7403492	-13.6781321	-14.0437137	-13.4379871	0.23626136	0.609237029	0	100	0	0	0	3
205	1009	0	1.22278717	-13.8254819	-13.6800181	-14.0437137	-13.4379871	0.218124449	0.609237029	0	100	0	0	0	3
206	1013	0	1.22875199	-13.8869396	-13.6830826	-14.0437137	-13.4379871	0.201403785	0.609237029	0	100	0	0	0	3
207	1018	0	1.2347168	-13.9372572	-13.6867636	-14.0437137	-13.4379871	0.185889155	0.609237029	0	100	0	0	0	3
208	1022	0	1.24068162	-13.9716763	-13.6907319	-14.0437137	-13.4379871	0.170356441	0.609237029	0	100	0	0	0	3
209	1027	0	1.24664643	-13.9798273	-13.6945526	-14.0437137	-13.4379871	0.154504078	0.609237029	0	100	0	0	0	3
210	1031	0	1.25261125	-13.9708798	-13.6978227	-14.0437137	-13.4379871	0.138675394	0.609237029	0	100	0	0	0	3
211	1036	0	1.25857606	-14.0003417	-13.7012209	-14.0437137	-13.4379871	0.12330717	0.609237029	0	100	0	0	0	3
212	1040	0	1.26454088	-13.9930917	-13.7044675	-14.0437137	-13.4379871	0.108609131	0.609237029	0	100	0	0	0	3
213	1044	0	1.27050569	-13.9709865	-13.7073637	-14.0437137	-13.4379871	0.0946822365	0.609237029	0	100	0	0	0	3
214	1049	0	1.27647051	-13.9809607	-13.7103983	-14.0437137	-13.4379871	0.0817021226	0.609237029	0	100	0	0	0	3
215	1053	0	1.28243533	-13.9725278	-13.713339	-14.0437137	-13.4379871	0.0695849498	0.609237029	0	100	0	0	0	3
216	1058	0	1.28840014	-13.9461514	-13.7159979	-14.0437137	-13.4379871	0.0689153952	0.609237029	0	100	0	0	0	3
217	1062	0	1.29436496	-13.9730799	-13.7189858	-14.0437137	-13.4379871	0.0689153952	0.609237029	0	100	0	0	0	3
218	1067	0	1.30032977	-13.977038	-13.7219649	-14.0437137	-13.4379871	0.0689153952	0.609237029	0	100	0	0	0	3
219	1071	0	1.30629459	-13.9545471	-13.7247994	-14.0437137	-13.4379871	0.0689153952	0.609237029	0	100	0	0	0	3
220	1075	0	1.3122594	-13.9513571	-13.7276678	-14.0437137	-13.4379871	0.0689153952	0.609237029	0	100	0	0	0	3
221	1080	0	1.31822422	-13.9140047	-13.7299296	-14.0437137	-13.4379871	0.0689153952	0.609237029	0	100	0	0	0	3
222	1084	0	1.32418903	-13.888138	-13.731744	-14.0437137	-13.4379871	0.0689153952	0.609237029	0	100	0	0	0	3
223	1088	0	1.33015385	-13.8448703	-13.7329623	-14.0437137	-13.4379871	0.0689153952	0.609237029	0	100	0	0	0	3
224	1093	0	1.33611866	-13.8018045	-13.734052	-14.0437137	-13.4379871	0.0689153952	0.609237029	0	100	0	0	0	3
225	1097	0	1.34208348	-13.7708497	-13.7352344	-14.0437137	-13.4379871	0.0689153952	0.609237029	0	100	0	0	0	3
226	1102	0	1.3480483	-13.7434467	-13.7364212	-14.0437137	-13.4379871	0.0689153952	0.609237029	0	100	0	0	0	3
227	1106	0	1.35401311	-13.6933958	-13.7374328	-14.0437137	-13.4379871	0.0689153952	0.609237029	0	100	0	0	0	3
228	1110	0	1.35997793	-13.6499204	-13.7384303	-14.0437137	-13.4379871	0.0687141357	0.609237029	0	100	0	0	0	3
229	1115	0	1.36594274	-13.6347543	-13.73969	-14.0437137	-13.4379871	0.0675780428	0.609237029	0	100	0	0	0	3
230	1119	0	1.37190756	-13.6130467	-13.7411737	-14.0437137	-13.4379871	0.0659801438	0.609237029	0	100	0	0	0	3
231	1124	0	1.37787237	-13.5937123	-13.7424783	-14.0437137	-13.4379871	0.065333083	0.609237029	0	100	0	0	0	3
232	1128	0	1.38383719	-13.5752951	-13.7436869	-14.0437137	-13.4379871	0.0665416015	0.609237029	0	100	0	0	0	3
233	1133	0	1.389802	-13.5442554	-13.7443691	-14.0437137	-13.4379871	0.0672238481	0.609237029	0	100	0	0	0	3
234	1137	0	1.39576682	-13.5147818	-13.7447592	-14.0437137	-13.4379871	0.0676138931	0.609237029	0	100	0	0	0	3
235	1142	0	1.40173163	-13.5073493	-13.7451655	-14.0437137	-13.4379871	0.0680202321	0.609237029	0	100	0	0	0	3
236	1146	0	1.40769645	-13.4898684	-13.7452008	-14.0437137	-13.4379871	0.0680555378	0.609237029	0	100	0	0	0	3
237	1151	0	1.41366127	-13.4963627	-13.7449976	-14.0437137	-13.4379871	0.0680555378	0.609237029	0	100	0	0	0	3
238	1156	0	1.41962608	-13.4764674	-13.7443607	-14.0437137	-13.4379871	0.0680555378	0.609237029	0	100	0	0	0	3
239	1160	0	1.4255909	-13.4864545	-13.7434757	-14.0437137	-13.4379871	0.0680555378	0.609237029	0	100	0	0	0	3
240	1165	0	1.43155571	-13.4858439	-13.742529	-14.0437137	-13.4379871	0.0680555378	0.609237029	0	100	0	0	0	3
241	1170	0	1.43752053	-13.50298	-13.7410803	-14.0437137	-13.4379871	0.0680555378	0.609237029	0	100	0	0	0	3
242	1174	0	1.44348534	-13.4856119	-13.7390645	-14.0437137	-13.4379871	0.0680555378	0.609237029	0	100	0	0	0	3
243	1179	0	1.44945016	-13.5087696	-13.7367026	-14.0437137	-13.4379871	0.0680555378	0.609237029	0	100	0	0	0	3
244	1184	0	1.45541497	-13.5230929	-13.7341104	-14.0437137	-13.4379871	0.0680555378	0.609237029	0	100	0	0	0	3
245	1189	0	1.46137979	-13.5721519	-13.7315702	-14.0437137	-13.4379871	0.0680555378	0.609237029	0	100	0	0	0	3
246	1193	0	1.4673446	-13.5420038	-13.7282916	-14.0437137	-13.4379871	0.0680555378	0.609237029	0	100	0	0	0	3
247	1198	0	1.47330942	-13.5571584	-13.7246938	-14.0437137	-13.4379871	0.0680555378	0.609237029	0	100	0	0	0	3
248	1203	0	1.47927424	-13.5326965	-13.7201685	-14.0437137	-13.4379871	0.0680555378	0.609237029	0	100	0	0	0	3
249	1207	0	1.48523905	-13.5656959	-13.7154719	-14.0437137	-13.4379871	0.0680555378	0.609237029	0	100	0	0	0	3
250	1212	0	1.49120387	-13.5823196	-13.7106814	-14.0437137	-13.4379871	0.0680555378	0.609237029	0	100	0	0	0	3
251	1217	0	1.49716868	-13.5852326	-13.7054343	-14.0437137	-13.4379871	0.0680555378	0.609237029	0	100	0	0	0	3
252	1222	0	1.5031335	-13.612196	-13.700315	-14.0437137	-13.4379871	0.0680555378	0.609237029	0	100	0	0	0	3
253	1226	0	1.50909831	-13.6206482	-13.6952785	-14.0268632	-13.4379871	0.0680555378	0.609237029	0	100	0	0	0	3
254	1231	0	1.51506313	-13.6463045	-13.690748	-14.0103087	-13.4379871	0.0680555378	0.609237029	0	100	0	0	0	3
255	1236	0	1.52102794	-13.687216	-13.6869017	-14.0003417	-13.4379871	0.0680555378	0.609237029	0	100	0	0	0	3
256	1240	0	1.52699276	-13.7331056	-13.6838384	-14.0003417	-13.4379871	0.0680555378	0.609237029	0	100	0	0	0	3
257	1245	0	1.53295757	-13.7747971	-13.6815652	-14.0003417	-13.4379871	0.0680555378	0.609237029	0	100	0	0	0	3
258	1250	0	1.53892239	-13.8070449	-13.6800363	-14.0003417	-13.4379871	0.0680555378	0.609237029	0	100	0	0	0	3
259	1255	0	1.54488721	-13.829055	-13.6787473	-14.0003417	-13.4379871	0.0680555378	0.609237029	0	100	0	0	0	3
260	1259	0	1.55085202	-13.8386818	-13.6779432	-14.0003417	-13.4379871	0.0680555378	0.609237029	0	100	0	0	0	3
261	1264	0	1.55681684	-13.8499996	-13.677443	-14.0003417	-13.4379871	0.0680555378	0.609237029	0	100	0	0	0	3
262	1269	0	1.56278165	-13.8588543	-13.6773357	-14.0003417	-13.4379871	0.0680555378	0.609237029	0	100	0	0	0	3
263	1274	0	1.56874647	-13.8586317	-13.6774675	-14.0003417	-13.4379871	0.0680555378	0.609237029	0	100	0	0	0	3
264	1278	0	1.57471128	-13.8522226	-13.6780688	-14.0003417	-13.4379871	0.0680555378	0.609237029	0	100	0	0	0	3
265	1283	0	1.5806761	-13.8362295	-13.6790578	-14.0003417	-13.4379871	0.0680555378	0.609237029	0	100	0	0	0	3
266	1288	0	1.58664091	-13.8207613	-13.6805378	-14.0003417	-13.4379871	0.0680555378	0.609237029	0	100	0	0	0	3
267	1292	0	1.59260573	-13.8154607	-13.6823708	-14.0003417	-13.4379871	0.0680555378	0.609237029	0	100	0	0	0	3
268	1297	0	1.59857054	-13.8172586	-13.6847108	-14.0003417	-13.4379871	0.0680555378	0.609237029	0	100	0	0	0	3
269	1302	0	1.60453536	-13.8168888	-13.6876125	-14.0003417	-13.4379871	0.0680555378	0.609237029	0	100	0	0	0	3
270	1306	0	1.61050018	-13.8161141	-13.6911713	-14.0003417	-13.4379871	0.0680555378	0.609237029	0	100	0	0	0	3
271	1311	0	1.61646499	-13.7934269	-13.6948623	-14.0003417	-13.4379871	0.0680555378	0.609237029	0	100	0	0	0	3
272	1316	0	1.62242981	-13.7324629	-13.698314	-14.0003417	-13.4379871	0.0680555378	0.609237029	0	100	0	0	0	3
273	1321	0	1.62839462	-13.6943967	-13.7013562	-14.0003417	-13.4379871	0.0680555378	0.609237029	0	100	0	0	0	3
274	1326	0	1.63435944	-13.6644858	-13.7040526	-14.0003417	-13.44517	0.0680555378	0.609237029	0	100	0	0	0	3
275	1330	0	1.64032425	-13.6244337	-13.7061867	-14.0003417	-13.455964	0.0680555378	0.609237029	0	100	0	0	0	3
276	1335	0	1.64628907	-13.5954781	-13.7077312	-14.0003417	-13.455964	0.0680555378	0.609237029	0	100	0	0	0	3
277	1340	0	1.65225388	-13.5755331	-13.7090906	-14.0003417	-13.455964	0.0680555378	0.609237029	0	100	0	0	0	3
278	1345	0	1.6582187	-13.5453028	-13.7101541	-14.0003417	-13.4572067	0.0680555378	0.609237029	0	100	0	0	0	3
279	1349	0	1.66418352	-13.524258	-13.7109524	-14.0003417	-13.4706991	0.0680555378	0.609237029	0	100	0	0	0	3
280	1354	0	1.67014833	-13.4982713	-13.7112806	-14.0003417	-13.4764674	0.0680555378	0.609237029	0	100	0	0	0	3
281	1359	0	1.67611315	-13.4739417	-13.7110756	-14.0003417	-13.4739417	0.0680555378	0.609237029	0	100	0	0	0	3
282	1364	0	1.68207796	-13.4892946	-13.7107213	-14.0003417	-13.4739417	0.0680555378	0.609237029	0	100	0	0	0	3
283	1368	0	1.68804278	-13.5373781	-13.7107785	-14.0003417	-13.4739417	0.0680555378	0.609237029	0	100	0	0	0	3
284	1373	0	1.69400759	-13.5557332	-13.7107863	-14.0003417	-13.4739417	0.0680555378	0.609237029	0	100	0	0	0	3
285	1378	0	1.69997241	-13.5525452	-13.7108527	-14.0003417	-13.4739417	0.0680555378	0.609237029	0	100	0	0	0	3
286	1382	0	1.70593722	-13.5473546	-13.7103498	-14.0003417	-13.4739417	0.0680555378	0.609237029	0	100	0	0	0	3
287	1387	0	1.71190204	-13.503146	-13.7084969	-14.0003417	-13.4739417	0.0678651381	0.609237029	0	100	0	0	0	3
288	1392	0	1.71786685	-13.4788201	-13.7053835	-14.0003417	-13.4739417	0.0678651381	0.609237029	0	100	0	0	0	3
289	1397	0	1.72383167	-13.4810138	-13.7012827	-14.0003417	-13.4739417	0.0678651381	0.609237029	0	100	0	0	0	3
290	1402	0	1.72979649	-13.4470715	-13.6960461	-14.0003417	-13.4470715	0.0678651381	0.609237029	0	100	0	0	0	3
291	1406	0	1.7357613	-13.4594323	-13.6903578	-14.0003417	-13.4470715	0.0678651381	0.609237029	0	100	0	0	0	3
292	1411	0	1.74172612	-13.4599491	-13.6842658	-14.0003417	-13.4470715	0.0678651381	0.609237029	0	100	0	0	0	3
293	1416	0	1.74769093	-13.4787267	-13.6783003	-14.0003417	-13.4470715	0.0678651381	0.609237029	0	100	0	0	0	3
294	1421	0	1.75365575	-13.5156167	-13.6728805	-14.0003417	-13.4470715	0.0723203221	0.609237029	0	100	0	0	0	3
295	1425	0	1.75962056	-13.5539562	-13.6675664	-13.9930917	-13.4470715	0.0776344355	0.609237029	0	100	0	0	0	3
296	1430	0	1.76558538	-13.58229	-13.6626759	-13.9809607	-13.4470715	0.0825249315	0.609237029	0	100	0	0	0	3
297	1435	0	1.77155019	-13.5789456	-13.6580087	-13.9809607	-13.4470715	0.0871920858	0.609237029	0	100	0	0	0	3
298	1439	0	1.77751501	-13.5516715	-13.6528981	-13.977038	-13.4470715	0.0923026719	0.609237029	0	100	0	0	0	3
299	1444	0	1.78347982	-13.505237	-13.6473351	-13.977038	-13.4470715	0.0978656574	0.609237029	0	100	0	0	0	3
300	1449	0	1.78944464	-13.4645611	-13.6416019	-13.977038	-13.4470715	0.103598875	0.609237029	0	100	0	0	0	3
301	1456	0	1.79540946	-13.4173005	-13.6349855	-13.977038	-13.4173005	0.110215297	0.609237029	0	100	0	0	0	3
302	1461	0	1.80137427	-13.357092	-13.6276052	-13.9545471	-13.357092	0.117595606	0.609237029	0	100	0	0	0	3
303	1466	0	1.80733909	-13.3213779	-13.6200675	-13.9513571	-13.3213779	0.125133335	0.609237029	0	100	0	0	0	3
304	1470	0	1.8133039	-13.3092176	-13.6124229	-13.9140047	-13.3092176	0.132777853	0.609237029	0	100	0	0	0	3
305	1476	0	1.81926872	-13.3231378	-13.6053888	-13.888138	-13.3092176	0.139811984	0.609237029	0	100	0	0	0	3
306	1481	0	1.82523353	-13.3471241	-13.5989482	-13.8588543	-13.3092176	0.146252626	0.609237029	0	100	0	0	0	3
307	1486	0	1.83119835	-13.3872817	-13.5935007	-13.8588543	-13.3092176	0.15170011	0.609237029	0	100	0	0	0	3
308	1491	0	1.83716316	-13.4338086	-13.5891198	-13.8588543	-13.3092176	0.156081014	0.609237029	0	100	0	0	0	3
309	1496	0	1.84312798	-13.4997797	-13.5858928	-13.8588543	-13.3092176	0.159308038	0.609237029	0	100	0	0	0	3
310	1501	0	1.84909279	-13.5397021	-13.5834672	-13.8588543	-13.3092176	0.161733568	0.609237029	0	100	0	0	0	3
311	1506	0	1.85505761	-13.571429	-13.5820153	-13.8588543	-13.3092176	0.163185553	0.609237029	0	100	0	0	0	3
312	1510	0	1.86102243	-13.6037335	-13.5814654	-13.8588543	-13.3092176	0.163735397	0.609237029	0	100	0	0	0	3
313	1515	0	1.86698724	-13.6164661	-13.5812477	-13.8588543	-13.3092176	0.163953114	0.609237029	0	100	0	0	0	3
314	1520	0	1.87295206	-13.6126046	-13.5812424	-13.8588543	-13.3092176	0.163958378	0.609237029	0	100	0	0	0	3
315	1525	0	1.87891687	-13.618817	-13.5815413	-13.8588543	-13.3092176	0.163958378	0.609237029	0	100	0	0	0	3
316	1530	0	1.88488169	-13.6143237	-13.5820059	-13.8588543	-13.3092176	0.163958378	0.609237029	0	100	0	0	0	3
317	1535	0	1.8908465	-13.6332588	-13.5830655	-13.8588543	-13.3092176	0.163958378	0.609237029	0	100	0	0	0	3
318	1539	0	1.89681132	-13.6481521	-13.5846532	-13.8588543	-13.3092176	0.163958378	0.609237029	0	100	0	0	0	3
319	1544	0	1.90277613	-13.683298	-13.5867479	-13.8588543	-13.3092176	0.163958378	0.609237029	0	100	0	0	0	3
320	1549	0	1.90874095	-13.7424803	-13.5897551	-13.8588543	-13.3092176	0.163755156	0.609237029	0	100	0	0	0	3
321	1554	0	1.91470576	-13.8079182	-13.5934641	-13.8588543	-13.3092176	0.16311826	0.609237029	0	100	0	0	0	3
322	1559	0	1.92067058	-13.8565796	-13.5979893	-13.8588543	-13.3092176	0.162233254	0.609237029	0	100	0	0	0	3
323	1564	0	1.9266354	-13.8717302	-13.6025759	-13.8717302	-13.3092176	0.161286617	0.609237029	0	100	0	0	0	3
324	1568	0	1.93260021	-13.910065	-13.6076261	-13.910065	-13.3092176	0.159837828	0.609237029	0	100	0	0	0	3
325	1573	0	1.93856503	-13.8888487	-13.6122198	-13.910065	-13.3092176	0.157822031	0.609237029	0	100	0	0	0	3
326	1578	0	1.94452984	-13.9067716	-13.6172336	-13.910065	-13.3092176	0.155460182	0.609237029	0	100	0	0	0	3
327	1583	0	1.95049466	-13.9098764	-13.6220087	-13.910065	-13.3092176	0.152868006	0.609237029	0	100	0	0	0	3
328	1588	0	1.95645947	-13.9066629	-13.626575	-13.910065	-13.3092176	0.15032776	0.609237029	0	100	0	0	0	3
329	1592	0	1.96242429	-13.9032527	-13.6305167	-13.910065	-13.3092176	0.147049206	0.609237029	0	100	0	0	0	3
330	1597	0	1.9683891	-13.904943	-13.6348374	-13.910065	-13.3092176	0.143451416	0.609237029	0	100	0	0	0	3
331	1602	0	1.97435392	-13.877333	-13.638649	-13.910065	-13.3092176	0.138926124	0.609237029	0	100	0	0	0	3
332	1607	0	1.98031873	-13.8648269	-13.6426029	-13.910065	-13.3092176	0.134229485	0.609237029	0	100	0	0	0	3
333	1612	0	1.98628355	-13.8510907	-13.6460005	-13.910065	-13.3092176	0.130038175	0.609237029	0	100	0	0	0	3
334	1616	0	1.99224837	-13.8525964	-13.6492181	-13.910065	-13.3092176	0.130038175	0.609237029	0	100	0	0	0	3
335	1621	0	1.99821318	-13.8352833	-13.6521949	-13.910065	-13.3092176	0.130038175	0.609237029	0	100	0	0	0	3
336	1626	0	2.004178	-13.7949577	-13.6543706	-13.910065	-13.3092176	0.130038175	0.609237029	0	100	0	0	0	3
337	1631	0	2.01014281	-13.7622381	-13.6560562	-13.910065	-13.3092176	0.130038175	0.609237029	0	100	0	0	0	3
338	1636	0	2.01610763	-13.7355289	-13.6571184	-13.910065	-13.3092176	0.130038175	0.609237029	0	100	0	0	0	3
339	1640	0	2.02207244	-13.7195353	-13.6575031	-13.910065	-13.3092176	0.130038175	0.609237029	0	100	0	0	0	3
340	1645	0	2.02803726	-13.6978447	-13.6570834	-13.910065	-13.3092176	0.130038175	0.609237029	0	100	0	0	0	3
341	1650	0	2.03400207	-13.6673549	-13.6558043	-13.910065	-13.3092176	0.130038175	0.609237029	0	100	0	0	0	3
342	1655	0	2.03996689	-13.6334918	-13.6537382	-13.910065	-13.3092176	0.130038175	0.609237029	0	100	0	0	0	3
343	1660	0	2.0459317	-13.6259478	-13.6513202	-13.910065	-13.3092176	0.130038175	0.609237029	0	100	0	0	0	3
344	1665	0	2.05189652	-13.6067205	-13.6485588	-13.910065	-13.3092176	0.130038175	0.609237029	0	100	0	0	0	3
345	1670	0	2.05786134	-13.6140654	-13.6457501	-13.910065	-13.3092176	0.130038175	0.609237029	0	100	0	0	0	3
346	1675	0	2.06382615	-13.6127533	-13.6428203	-13.910065	-13.3092176	0.130038175	0.609237029	0	100	0	0	0	3
347	1680	0	2.06979097	-13.634971	-13.6401577	-13.910065	-13.3092176	0.130038175	0.609237029	0	100	0	0	0	3
348	1685	0	2.07575578	-13.654087	-13.6377989	-13.910065	-13.3092176	0.130038175	0.609237029	0	100	0	0	0	3
349	1690	0	2.0817206	-13.6742364	-13.6358704	-13.910065	-13.3092176	0.130038175	0.609237029	0	100	0	0	0	3
350	1694	0	2.08768541	-13.6743583	-13.6341275	-13.910065	-13.3092176	0.130038175	0.609237029	0	100	0	0	0	3
351	1699	0	2.09365023	-13.6728563	-13.6324298	-13.910065	-13.3092176	0.130038175	0.609237029	0	100	0	0	0	3
352	1704	0	2.09961504	-13.6621755	-13.6305836	-13.910065	-13.3092176	0.130038175	0.609237029	0	100	0	0	0	3
353	1709	0	2.10557986	-13.6705428	-13.6288414	-13.910065	-13.3092176	0.130038175	0.609237029	0	100	0	0	0	3
354	1715	0	2.11154468	-13.6982665	-13.6274385	-13.910065	-13.3092176	0.130038175	0.609237029	0	100	0	0	0	3
355	1720	0	2.11750949	-13.7038629	-13.6263722	-13.910065	-13.3092176	0.130038175	0.609237029	0	100	0	0	0	3
356	1724	0	2.12347431	-13.7214222	-13.6262408	-13.910065	-13.3092176	0.130038175	0.609237029	0	100	0	0	0	3
357	1729	0	2.12943912	-13.7128874	-13.6264609	-13.910065	-13.3092176	0.130038175	0.609237029	0	100	0	0	0	3
358	1734	0	2.13540394	-13.7219602	-13.6271451	-13.910065	-13.3092176	0.130038175	0.609237029	0	100	0	0	0	3
359	1739	0	2.14136875	-13.7496951	-13.6286363	-13.910065	-13.3092176	0.130038175	0.609237029	0	100	0	0	0	3
360	1744	0	2.14733357	-13.7886417	-13.6309359	-13.910065	-13.3092176	0.130038175	0.609237029	0	100	0	0	0	3
361	1749	0	2.15329838	-13.8307092	-13.6339737	-13.910065	-13.3092176	0.130038175	0.609237029	0	100	0	0	0	3
362	1754	0	2.1592632	-13.8621564	-13.6377458	-13.910065	-13.3092176	0.130038175	0.609237029	0	100	0	0	0	3
363	1758	0	2.16522801	-13.8788515	-13.6419671	-13.910065	-13.3092176	0.130038175	0.609237029	0	100	0	0	0	3
364	1763	0	2.17119283	-13.9087714	-13.646854	-13.910065	-13.3092176	0.129833145	0.609237029	0	100	0	0	0	3
365	1768	0	2.17715765	-13.9329146	-13.652318	-13.9329146	-13.3092176	0.129610259	0.609237029	0	100	0	0	0	3
366	1773	0	2.18312246	-13.9551991	-13.6578645	-13.9551991	-13.3092176	0.129610259	0.609237029	0	100	0	0	0	3
367	1778	0	2.18908728	-13.9669448	-13.6629784	-13.9669448	-13.3092176	0.129610259	0.609237029	0	100	0	0	0	3
368	1783	0	2.19505209	-13.9640721	-13.6678395	-13.9669448	-13.3092176	0.129610259	0.609237029	0	100	0	0	0	3
369	1788	0	2.20101691	-13.9747736	-13.6728661	-13.9747736	-13.3092176	0.129107416	0.609237029	0	100	0	0	0	3
370	1792	0	2.20698172	-13.9652114	-13.6778406	-13.9747736	-13.3092176	0.127254496	0.609237029	0	100	0	0	0	3
371	1797	0	2.21294654	-13.9577385	-13.6832524	-13.9747736	-13.3092176	0.124141055	0.609237029	0	100	0	0	0	3
372	1802	0	2.21891135	-13.9698501	-13.689098	-13.9747736	-13.3092176	0.120040244	0.609237029	0	100	0	0	0	3
373	1807	0	2.22487617	-13.9743921	-13.6949715	-13.9747736	-13.3092176	0.11480372	0.609237029	0	100	0	0	0	3
374	1812	0	2.23084098	-13.9802796	-13.7013192	-13.9802796	-13.3092176	0.120076814	0.609237029	0	100	0	0	0	3
375	1817	0	2.2368058	-13.9746853	-13.7074532	-13.9802796	-13.3092176	0.126210778	0.609237029	0	100	0	0	0	3
376	1822	0	2.24277062	-13.9381042	-13.7131455	-13.9802796	-13.3092176	0.131903101	0.609237029	0	100	0	0	0	3
377	1827	0	2.24873543	-13.8882278	-13.7180205	-13.9802796	-13.3092176	0.136778114	0.609237029	0	100	0	0	0	3
378	1831	0	2.25470025	-13.8641912	-13.7221702	-13.9802796	-13.3092176	0.140927811	0.609237029	0	100	0	0	0	3
379	1836	0	2.26066506	-13.8157653	-13.725287	-13.9802796	-13.3092176	0.144044586	0.609237029	0	100	0	0	0	3
380	1841	0	2.26662988	-13.8021589	-13.7279045	-13.9802796	-13.3092176	0.146662073	0.609237029	0	100	0	0	0	3
381	1846	0	2.27259469	-13.7667524	-13.7301403	-13.9802796	-13.3092176	0.148897868	0.609237029	0	100	0	0	0	3
382	1851	0	2.27855951	-13.7425649	-13.7324128	-13.9802796	-13.3092176	0.15117041	0.609237029	0	100	0	0	0	3
383	1856	0	2.28452432	-13.7094799	-13.7348443	-13.9802796	-13.3092176	0.153601873	0.609237029	0	100	0	0	0	3
384	1860	0	2.29048914	-13.6974374	-13.7376166	-13.9802796	-13.3092176	0.156374211	0.609237029	0	100	0	0	0	3
385	1865	0	2.29645395	-13.6886612	-13.7408471	-13.9802796	-13.3092176	0.159604695	0.609237029	0	100	0	0	0	3
386	1870	0	2.30241877	-13.697678	-13.7449017	-13.9802796	-13.3092176	0.163659291	0.609237029	0	100	0	0	0	3
387	1875	0	2.30838359	-13.7149677	-13.7495873	-13.9802796	-13.3092176	0.168344884	0.609237029	0	100	0	0	0	3
388	1880	0	2.3143484	-13.745148	-13.754777	-13.9802796	-13.3231378	0.173534532	0.609237029	0	100	0	0	0	3
389	1885	0	2.32031322	-13.7415738	-13.7597583	-13.9802796	-13.3471241	0.178515913	0.609237029	0	100	0	0	0	3
390	1890	0	2.32627803	-13.7465632	-13.7645136	-13.9802796	-13.3872817	0.183271141	0.609237029	0	100	0	0	0	3
391	1895	0	2.33224285	-13.7687946	-13.7690554	-13.9802796	-13.4338086	0.187812961	0.609237029	0	100	0	0	0	3
392	1900	0	2.33820766	-13.7568905	-13.7729016	-13.9802796	-13.4997797	0.191659174	0.609237029	0	100	0	0	0	3
393	1905	0	2.34417248	-13.743678	-13.7758052	-13.9802796	-13.5397021	0.194562726	0.609237029	0	100	0	0	0	3
394	1910	0	2.35013729	-13.7337749	-13.7781155	-13.9802796	-13.571429	0.196873115	0.609237029	0	100	0	0	0	3
395	1915	0	2.35610211	-13.728523	-13.7799857	-13.9802796	-13.6037335	0.198743282	0.609237029	0	100	0	0	0	3
396	1920	0	2.36206692	-13.7442128	-13.7816581	-13.9802796	-13.6067205	0.200415654	0.609237029	0	100	0	0	0	3
397	1925	0	2.36803174	-13.7470874	-13.7832131	-13.9802796	-13.6067205	0.201970669	0.609237029	0	100	0	0	0	3
398	1929	0	2.37399656	-13.7660516	-13.7850398	-13.9802796	-13.6067205	0.203498554	0.609237029	0	100	0	0	0	3
399	1934	0	2.37996137	-13.7826835	-13.7869906	-13.9802796	-13.6067205	0.204984719	0.609237029	0	100	0	0	0	3
400	1940	0	2.38592619	-13.8014949	-13.7892189	-13.9802796	-13.6067205	0.206153384	0.609237029	0	100	0	0	0	3
401	1948	0	2.391891	-13.7978325	-13.7911781	-13.9802796	-13.6067205	0.206524854	0.609237029	0	100	0	0	0	3
402	1953	0	2.39785582	-13.7746938	-13.7926845	-13.9802796	-13.6067205	0.205936675	0.609237029	0	100	0	0	0	3
403	1958	0	2.40382063	-13.776166	-13.7937901	-13.9802796	-13.6067205	0.204034963	0.609237029	0	100	0	0	0	3
404	1963	0	2.40978545	-13.7682157	-13.7940965	-13.9802796	-13.6067205	0.200632343	0.609237029	0	100	0	0	0	3
405	1968	0	2.41575026	-13.7711729	-13.793659	-13.9802796	-13.6067205	0.196107198	0.609237029	0	100	0	0	0	3
406	1973	0	2.42171508	-13.7722749	-13.7926554	-13.9802796	-13.6067205	0.191520582	0.609237029	0	100	0	0	0	3
407	1979	0	2.42767989	-13.7383975	-13.7910681	-13.9802796	-13.6067205	0.18647033	0.609237029	0	100	0	0	0	3
408	1984	0	2.43364471	-13.7465721	-13.7891218	-13.9802796	-13.6067205	0.181876655	0.609237029	0	100	0	0	0	3
409	1989	0	2.43960953	-13.7457487	-13.7874182	-13.9802796	-13.6067205	0.17686285	0.609237029	0	100	0	0	0	3
410	1994	0	2.44557434	-13.7666297	-13.7857498	-13.9802796	-13.6067205	0.17208777	0.609237029	0	100	0	0	0	3
411	1999	0	2.45153916	-13.773389	-13.784125	-13.9802796	-13.6067205	0.167855692	0.609237029	0	100	0	0	0	3
412	2004	0	2.45750397	-13.8079312	-13.7829496	-13.9802796	-13.6067205	0.167855692	0.609237029	0	100	0	0	0	3
413	2009	0	2.46346879	-13.8074554	-13.7818092	-13.9802796	-13.6067205	0.167855692	0.609237029	0	100	0	0	0	3
414	2014	0	2.4694336	-13.8278401	-13.7808913	-13.9802796	-13.6067205	0.167855692	0.609237029	0	100	0	0	0	3
415	2019	0	2.47539842	-13.8008927	-13.7799813	-13.9802796	-13.6067205	0.167855692	0.609237029	0	100	0	0	0	3
416	2024	0	2.48136323	-13.779432	-13.7789647	-13.9802796	-13.6067205	0.167855692	0.609237029	0	100	0	0	0	3
417	2029	0	2.48732805	-13.7129999	-13.7773207	-13.9802796	-13.6067205	0.167855692	0.609237029	0	100	0	0	0	3
418	2034	0	2.49329286	-13.6701862	-13.7751492	-13.9802796	-13.6067205	0.167855692	0.609237029	0	100	0	0	0	3
419	2039	0	2.49925768	-13.6022993	-13.7723756	-13.9802796	-13.6022993	0.167855692	0.609237029	0	100	0	0	0	3
420	2044	0	2.5052225	-13.5341622	-13.7692708	-13.9802796	-13.5341622	0.167855692	0.609237029	0	100	0	0	0	3
421	2049	0	2.51118731	-13.4700163	-13.765792	-13.9802796	-13.4700163	0.167855692	0.609237029	0	100	0	0	0	3
422	2054	0	2.51715213	-13.4352716	-13.7622175	-13.9802796	-13.4352716	0.167855692	0.609237029	0	100	0	0	0	3
423	2060	0	2.52311694	-13.4046496	-13.7584689	-13.9802796	-13.4046496	0.167855692	0.609237029	0	100	0	0	0	3
424	2065	0	2.52908176	-13.3965323	-13.7548818	-13.9802796	-13.3965323	0.167855692	0.609237029	0	100	0	0	0	3
425	2070	0	2.53504657	-13.4029861	-13.7517346	-13.9802796	-13.3965323	0.167855692	0.609237029	0	100	0	0	0	3
426	2075	0	2.54101139	-13.4239446	-13.74924	-13.9802796	-13.3965323	0.167855692	0.609237029	0	100	0	0	0	3
427	2081	0	2.5469762	-13.4235716	-13.7468307	-13.9802796	-13.3965323	0.167855692	0.609237029	0	100	0	0	0	3
428	2086	0	2.55294102	-13.4397702	-13.7448432	-13.9802796	-13.3965323	0.167855692	0.609237029	0	100	0	0	0	3
429	2091	0	2.55890584	-13.4308016	-13.7426615	-13.9802796	-13.3965323	0.167855692	0.609237029	0	100	0	0	0	3
430	2096	0	2.56487065	-13.4216433	-13.7403864	-13.9802796	-13.3965323	0.167855692	0.609237029	0	100	0	0	0	3
431	2101	0	2.57083547	-13.416999	-13.7377915	-13.9802796	-13.3965323	0.167855692	0.609237029	0	100	0	0	0	3
432	2106	0	2.57680028	-13.4337795	-13.7351688	-13.9802796	-13.3965323	0.167855692	0.609237029	0	100	0	0	0	3
