Iteration	CPUTime	PhysTime	Travels	Value	AvValue	MinValue	MaxValue	Delta	Criteria	Progress	dGMaxMin	CriteriaType	CriteriaVarType	CriteriaPercentage
1	12	0	0.00596481547	7.50971119	7.50971119	7.50971119	7.50971119	0	0	0	0	0	0	0	3
2	18	0	0.0119296309	12.3447885	9.92724985	7.50971119	12.3447885	2.41753866	0	0	0	0	0	0	3
3	22	0	0.0178944464	10.3059875	10.0534957	7.50971119	12.3447885	2.54378454	0	0	0	0	0	0	3
4	26	0	0.0238592619	9.38883497	9.88733054	7.50971119	12.3447885	2.54378454	0	0	0	0	0	0	3
5	34	0	0.0298240773	8.69160102	9.64818464	7.50971119	12.3447885	2.54378454	0	0	0	0	0	0	3
6	39	0	0.0357888928	7.59036238	9.30521426	7.50971119	12.3447885	2.54378454	0	0	0	0	0	0	3
7	43	0	0.0417537083	7.0743281	8.98651624	7.0743281	12.3447885	2.54378454	0	0	0	0	0	0	3
8	48	0	0.0477185237	6.93465781	8.73003393	6.93465781	12.3447885	2.54378454	0	0	0	0	0	0	3
9	52	0	0.0536833392	9.70576695	8.83844871	6.93465781	12.3447885	2.54378454	0	0	0	0	0	0	3
10	56	0	0.0596481547	10.8560005	9.04020389	6.93465781	12.3447885	2.54378454	0	0	0	0	0	0	3
11	60	0	0.0656129701	11.2019949	9.23673035	6.93465781	12.3447885	2.54378454	0	0	0	0	0	0	3
12	64	0	0.0715777856	10.3344612	9.32820792	6.93465781	12.3447885	2.54378454	0	0	0	0	0	0	3
13	69	0	0.0775426011	12.0652691	9.53875109	6.93465781	12.3447885	2.54378454	0	0	0	0	0	0	3
14	73	0	0.0835074165	12.1945106	9.7284482	6.93465781	12.3447885	2.54378454	0	0	0	0	0	0	3
15	78	0	0.089472232	13.5191327	9.98116049	6.93465781	13.5191327	2.54378454	0	0	0	0	0	0	3
16	82	0	0.0954370475	12.2073302	10.1202961	6.93465781	13.5191327	2.61058491	0	0	0	0	0	0	3
17	87	0	0.101401863	12.7432808	10.2745893	6.93465781	13.5191327	2.76487813	0	0	0	0	0	0	3
18	91	0	0.107366678	11.1103129	10.3210184	6.93465781	13.5191327	2.81130722	0	0	0	0	0	0	3
19	96	0	0.113331494	10.2253667	10.3159841	6.93465781	13.5191327	2.81130722	0	0	0	0	0	0	3
20	100	0	0.119296309	8.71587203	10.2359785	6.93465781	13.5191327	2.81130722	0	0	0	0	0	0	3
21	104	0	0.125261125	6.34996446	10.0509302	6.34996446	13.5191327	2.81130722	0	0	0	0	0	0	3
22	109	0	0.13122594	4.8099429	9.81270352	4.8099429	13.5191327	2.81130722	0	0	0	0	0	0	3
23	113	0	0.137190756	2.95963878	9.51474418	2.95963878	13.5191327	2.81130722	0	0	0	0	0	0	3
24	117	0	0.143155571	5.14775205	9.33278618	2.95963878	13.5191327	2.81130722	0	0	0	0	0	0	3
25	121	0	0.149120387	2.84834603	9.07340857	2.84834603	13.5191327	2.81130722	0	0	0	0	0	0	3
26	126	0	0.155085202	7.23104293	9.00254835	2.84834603	13.5191327	2.81130722	0	0	0	0	0	0	3
27	130	0	0.161050018	3.43784286	8.79644815	2.84834603	13.5191327	2.81130722	0	0	0	0	0	0	3
28	135	0	0.167014833	5.50709451	8.67897123	2.84834603	13.5191327	2.81130722	0	0	0	0	0	0	3
29	139	0	0.172979649	3.522555	8.50116378	2.84834603	13.5191327	2.81130722	0	0	0	0	0	0	3
30	143	0	0.178944464	5.35679858	8.3963516	2.84834603	13.5191327	2.81130722	0	0	0	0	0	0	3
31	148	0	0.184909279	3.37586555	8.23440044	2.84834603	13.5191327	2.81130722	0	0	0	0	0	0	3
32	152	0	0.190874095	5.42437075	8.14658701	2.84834603	13.5191327	2.81130722	0	0	0	0	0	0	3
33	156	0	0.19683891	3.72959977	8.01273892	2.84834603	13.5191327	2.81130722	0	0	0	0	0	0	3
34	160	0	0.202803726	4.69406263	7.91513079	2.84834603	13.5191327	2.81130722	0	0	0	0	0	0	3
35	164	0	0.208768541	3.57520115	7.7911328	2.84834603	13.5191327	2.81130722	0	0	0	0	0	0	3
36	169	0	0.214733357	5.52647516	7.72822564	2.84834603	13.5191327	2.81130722	0	0	0	0	0	0	3
37	173	0	0.220698172	3.34888478	7.60986508	2.84834603	13.5191327	2.81130722	0	0	0	0	0	0	3
38	178	0	0.226662988	4.18666243	7.5197808	2.84834603	13.5191327	2.81130722	0	0	0	0	0	0	3
39	182	0	0.232627803	3.32320071	7.41217618	2.84834603	13.5191327	2.90884222	0	0	0	0	0	0	3
40	186	0	0.238592619	4.11247667	7.32968369	2.84834603	13.5191327	2.99133471	0	0	0	0	0	0	3
41	191	0	0.244557434	2.90623989	7.22179482	2.84834603	13.5191327	3.09922358	0	0	0	0	0	0	3
42	195	0	0.25052225	4.41030527	7.15485459	2.84834603	13.5191327	3.16616381	0	0	0	0	0	0	3
43	200	0	0.256487065	2.97977216	7.05775965	2.84834603	13.5191327	3.26325875	0	0	0	0	0	0	3
44	205	0	0.262451881	3.82634584	6.98431843	2.84834603	13.5191327	3.33669997	0	0	0	0	0	0	3
45	209	0	0.268416696	3.76309641	6.91273572	2.84834603	13.5191327	3.40828268	0	0	0	0	0	0	3
46	213	0	0.274381511	4.52618837	6.86085425	2.84834603	13.5191327	3.46016415	0	0	0	0	0	0	3
47	218	0	0.280346327	3.43438825	6.78795072	2.84834603	13.5191327	3.53306768	0	0	0	0	0	0	3
48	222	0	0.286311142	3.96920183	6.72922679	2.84834603	13.5191327	3.59179162	0	0	0	0	0	0	3
49	227	0	0.292275958	3.27709427	6.6587751	2.84834603	13.5191327	3.6622433	0	0	0	0	0	0	3
50	293	0	0.298240773	4.23534107	6.61030642	2.84834603	13.5191327	3.71071198	0	0	0	0	0	0	3
51	298	0	0.304205589	3.43859062	6.54811592	2.84834603	13.5191327	3.77290249	0	0	0	0	0	0	3
52	307	0	0.310170404	4.5808118	6.51028314	2.84834603	13.5191327	3.81073526	0	0	0	0	0	0	3
53	312	0	0.31613522	5.38861178	6.48911953	2.84834603	13.5191327	3.83189887	0	0	0	0	0	0	3
54	317	0	0.322100035	4.56767287	6.45353719	2.84834603	13.5191327	3.86748121	0	0	0	0	0	0	3
55	321	0	0.328064851	6.41709854	6.45287467	2.84834603	13.5191327	3.86814374	0	0	0	0	0	0	3
56	326	0	0.334029666	4.68984259	6.42139195	2.84834603	13.5191327	3.89962645	0	0	0	0	0	0	3
57	331	0	0.339994482	6.10153209	6.41578038	2.84834603	13.5191327	3.90523803	0	0	0	0	0	0	3
58	335	0	0.345959297	4.67740196	6.38580833	2.84834603	13.5191327	3.93521007	0	0	0	0	0	0	3
59	340	0	0.351924113	5.57267938	6.37202649	2.84834603	13.5191327	3.94899192	0	0	0	0	0	0	3
60	344	0	0.357888928	4.17216963	6.33536221	2.84834603	13.5191327	3.9856562	0	0	0	0	0	0	3
61	349	0	0.363853743	5.17051305	6.31626632	2.84834603	13.5191327	4.00475208	0	0	0	0	0	0	3
62	353	0	0.369818559	4.1479993	6.28129427	2.84834603	13.5191327	4.03972413	0	0	0	0	0	0	3
63	358	0	0.375783374	4.0632526	6.24608726	2.84834603	13.5191327	4.07493114	0	0	0	0	0	0	3
64	362	0	0.38174819	4.40565334	6.21733048	2.84834603	13.5191327	4.10368792	0	0	0	0	0	0	3
65	366	0	0.387713005	4.10222698	6.18479043	2.84834603	13.5191327	4.13622798	0	0	0	0	0	0	3
66	370	0	0.393677821	4.35088317	6.15700395	2.84834603	13.5191327	4.16401445	0	0	0	0	0	0	3
67	374	0	0.399642636	3.89955027	6.12331061	2.84834603	13.5191327	4.19770779	0	0	0	0	0	0	3
68	378	0	0.405607452	4.40522763	6.09804469	2.84834603	13.5191327	4.22297372	0	0	0	0	0	0	3
69	383	0	0.411572267	3.78498113	6.06452203	2.84834603	13.5191327	4.25649638	0	0	0	0	0	0	3
70	387	0	0.417537083	4.26558294	6.0388229	2.84834603	13.5191327	4.28219551	0	0	0	0	0	0	3
71	392	0	0.423501898	3.60235106	6.00450639	2.84834603	13.5191327	4.31651201	0	0	0	0	0	0	3
72	396	0	0.429466714	5.08029151	5.99167007	2.84834603	13.5191327	4.32934833	0	0	0	0	0	0	3
73	400	0	0.435431529	3.81479251	5.96184983	2.84834603	13.5191327	4.35916857	0	0	0	0	0	0	3
74	404	0	0.441396345	5.56541408	5.95649259	2.84834603	13.5191327	4.36452581	0	0	0	0	0	0	3
75	408	0	0.44736116	3.60750888	5.92517281	2.84834603	13.5191327	4.39584559	0	0	0	0	0	0	3
76	412	0	0.453325975	4.39272804	5.90500906	2.84834603	13.5191327	4.41600934	0	0	0	0	0	0	3
77	416	0	0.459290791	3.70603645	5.87645098	2.84834603	13.5191327	4.44456742	0	0	0	0	0	0	3
78	421	0	0.465255606	4.14281676	5.8542249	2.84834603	13.5191327	4.4667935	0	0	0	0	0	0	3
79	426	0	0.471220422	3.52005505	5.82467844	2.84834603	13.5191327	4.49633996	0	0	0	0	0	0	3
80	431	0	0.477185237	4.75578536	5.81131728	2.84834603	13.5191327	4.50970112	0	0	0	0	0	0	3
81	435	0	0.483150053	3.56830189	5.78362573	2.84834603	13.5191327	4.53739267	0	0	0	0	0	0	3
82	440	0	0.489114868	4.44903063	5.76735018	2.84834603	13.5191327	4.55366822	0	0	0	0	0	0	3
83	445	0	0.495079684	3.60166756	5.74125762	2.84834603	13.5191327	4.57976078	0	0	0	0	0	0	3
84	449	0	0.501044499	4.04242772	5.72103346	2.84834603	13.5191327	4.59998495	0	0	0	0	0	0	3
85	454	0	0.507009315	3.69446014	5.6756138	2.84834603	13.5191327	4.6454046	0	0	0	0	0	0	3
86	458	0	0.51297413	4.73853633	5.58506318	2.84834603	13.5191327	4.73595522	0	0	0	0	0	0	3
87	463	0	0.518938946	3.49745442	5.50400921	2.84834603	13.5191327	4.81700919	0	0	0	0	0	0	3
88	467	0	0.524903761	4.49995963	5.44580832	2.84834603	13.5191327	4.87521009	0	0	0	0	0	0	3
89	472	0	0.530868577	3.44175644	5.38331017	2.84834603	13.5191327	4.93770824	0	0	0	0	0	0	3
90	476	0	0.536833392	4.77576679	5.34980308	2.84834603	13.5191327	4.97121533	0	0	0	0	0	0	3
91	481	0	0.542798207	3.24490198	5.30421467	2.84834603	13.5191327	5.01680373	0	0	0	0	0	0	3
92	485	0	0.548763023	4.72520209	5.27791163	2.84834603	13.5191327	5.04310678	0	0	0	0	0	0	3
93	490	0	0.554727838	3.15691404	5.19994909	2.84834603	13.5191327	5.12106931	0	0	0	0	0	0	3
94	494	0	0.560692654	4.74540145	5.12720387	2.84834603	13.5191327	5.19381454	0	0	0	0	0	0	3
95	499	0	0.566657469	3.10848891	5.0308526	2.84834603	13.5191327	5.2901658	0	0	0	0	0	0	3
96	503	0	0.572622285	4.57266634	4.96225981	2.84834603	13.5191327	5.3587586	0	0	0	0	0	0	3
97	508	0	0.5785871	2.90454705	4.85320359	2.84834603	13.5191327	5.46781481	0	0	0	0	0	0	3
98	512	0	0.584551916	4.4881694	4.76146143	2.84834603	13.5191327	5.55955697	0	0	0	0	0	0	3
99	517	0	0.590516731	3.5978285	4.64335067	2.84834603	12.7432808	5.67766773	0	0	0	0	0	0	3
100	521	0	0.596481547	4.30938182	4.54932748	2.84834603	12.7432808	5.77169093	0	0	0	0	0	0	3
101	528	0	0.602446362	2.92767367	4.43247501	2.84834603	11.1103129	5.88854339	0	0	0	0	0	0	3
102	533	0	0.608411178	4.12793409	4.34935145	2.84834603	10.2253667	5.96663265	0	0	0	0	0	0	3
103	538	0	0.614375993	2.84368028	4.26147423	2.84368028	8.71587203	5.87219175	0	0	0	0	0	0	3
104	542	0	0.620340808	4.23042656	4.20807607	2.84368028	7.23104293	4.38736265	0	0	0	0	0	0	3
105	547	0	0.626305624	3.13499628	4.16980264	2.84368028	7.23104293	4.38736265	0	0	0	0	0	0	3
106	551	0	0.632270439	4.14680977	4.1619082	2.84368028	7.23104293	4.38736265	0	0	0	0	0	0	3
107	556	0	0.638235255	3.44577132	4.16769549	2.84368028	7.23104293	4.38736265	0	0	0	0	0	0	3
108	560	0	0.64420007	4.02813987	4.15436678	2.84368028	7.23104293	4.38736265	0	0	0	0	0	0	3
109	565	0	0.650164886	2.91617112	4.15517422	2.84368028	7.23104293	4.38736265	0	0	0	0	0	0	3
110	569	0	0.656129701	4.20961257	4.11920481	2.84368028	6.41709854	3.57341826	0	0	0	0	0	0	3
111	574	0	0.662094517	3.35186034	4.11818121	2.84368028	6.41709854	3.57341826	0	0	0	0	0	0	3
112	579	0	0.668059332	4.14091303	4.10191714	2.84368028	6.41709854	3.57341826	0	0	0	0	0	0	3
113	583	0	0.674024148	3.01122925	4.09582993	2.84368028	6.41709854	3.57341826	0	0	0	0	0	0	3
114	588	0	0.679988963	4.24496028	4.08259376	2.84368028	6.41709854	3.57341826	0	0	0	0	0	0	3
115	592	0	0.685953779	3.00892138	4.07822538	2.84368028	6.41709854	3.57341826	0	0	0	0	0	0	3
116	597	0	0.691918594	4.61791284	4.06862469	2.84368028	6.41709854	3.57341826	0	0	0	0	0	0	3
117	602	0	0.69788341	2.98804881	4.0597967	2.84368028	6.41709854	3.57341826	0	0	0	0	0	0	3
118	606	0	0.703848225	4.77230069	4.06072811	2.84368028	6.41709854	3.57341826	0	0	0	0	0	0	3
119	611	0	0.70981304	2.91763885	4.05289998	2.84368028	6.41709854	3.57341826	0	0	0	0	0	0	3
120	615	0	0.715777856	4.94038331	4.0459227	2.84368028	6.41709854	3.56394238	0	0	0	0	0	0	3
121	620	0	0.721742671	2.8326162	4.03977665	2.8326162	6.41709854	3.48000415	0	0	0	0	0	0	3
122	625	0	0.727707487	4.92808762	4.04860314	2.8326162	6.41709854	3.37239954	0	0	0	0	0	0	3
123	629	0	0.733672302	3.13481038	4.04636039	2.8326162	6.41709854	3.28990705	0	0	0	0	0	0	3
124	634	0	0.739637118	4.77979182	4.05430462	2.8326162	6.41709854	3.18201817	0	0	0	0	0	0	3
125	638	0	0.745601933	3.03491603	4.05583648	2.8326162	6.41709854	3.11507795	0	0	0	0	0	0	3
126	643	0	0.751566749	4.71362197	4.05944739	2.8326162	6.41709854	3.01798301	0	0	0	0	0	0	3
127	648	0	0.757531564	3.17332038	4.06175154	2.8326162	6.41709854	2.94454178	0	0	0	0	0	0	3
128	652	0	0.76349638	4.80238145	4.07337101	2.8326162	6.41709854	2.87295907	0	0	0	0	0	0	3
129	657	0	0.769461195	2.77431039	4.06159975	2.77431039	6.41709854	2.82107761	0	0	0	0	0	0	3
130	661	0	0.775426011	4.7317181	4.06404653	2.77431039	6.41709854	2.74817408	0	0	0	0	0	0	3
131	666	0	0.781390826	3.0610175	4.05960164	2.77431039	6.41709854	2.68945014	0	0	0	0	0	0	3
132	670	0	0.787355642	4.64468829	4.06764315	2.77431039	6.41709854	2.61899846	0	0	0	0	0	0	3
133	675	0	0.793320457	3.25748563	4.06740971	2.77431039	6.41709854	2.57052978	0	0	0	0	0	0	3
134	679	0	0.799285272	4.60645856	4.07182778	2.77431039	6.41709854	2.50833927	0	0	0	0	0	0	3
135	684	0	0.805250088	5.13134148	4.09197957	2.77431039	6.41709854	2.4705065	0	0	0	0	0	0	3
136	689	0	0.811214903	4.55137407	4.09162912	2.77431039	6.41709854	2.44934289	0	0	0	0	0	0	3
137	693	0	0.817179719	4.70730215	4.08351829	2.77431039	6.41709854	2.41376054	0	0	0	0	0	0	3
138	698	0	0.823144534	4.45301416	4.08215331	2.77431039	6.41709854	2.41309802	0	0	0	0	0	0	3
139	702	0	0.82910935	3.55971785	4.04813687	2.77431039	6.10153209	2.38161531	0	0	0	0	0	0	3
140	707	0	0.835074165	4.49700584	4.0458412	2.77431039	6.10153209	2.37600373	0	0	0	0	0	0	3
141	712	0	0.841038981	3.98663699	4.02066387	2.77431039	5.57267938	2.36514446	0	0	0	0	0	0	3
142	716	0	0.847003796	4.52441819	4.01884264	2.77431039	5.57267938	2.35318385	0	0	0	0	0	0	3
143	721	0	0.852968612	4.86405427	4.01040663	2.77431039	5.56541408	2.32495558	0	0	0	0	0	0	3
144	726	0	0.858933427	5.58001038	4.02716663	2.77431039	5.58001038	2.30585969	0	0	0	0	0	0	3
145	730	0	0.864898243	5.63681012	4.03271779	2.77431039	5.63681012	2.27088764	0	0	0	0	0	0	3
146	735	0	0.870863058	5.05223562	4.04348251	2.77431039	5.63681012	2.23568063	0	0	0	0	0	0	3
147	740	0	0.876827874	5.19163139	4.05691559	2.77431039	5.63681012	2.20692385	0	0	0	0	0	0	3
148	744	0	0.882792689	5.3941138	4.06868298	2.77431039	5.63681012	2.1743838	0	0	0	0	0	0	3
149	749	0	0.888757504	5.18648317	4.08159079	2.77431039	5.63681012	2.14659733	0	0	0	0	0	0	3
150	753	0	0.89472232	4.82393547	4.08722236	2.77431039	5.63681012	2.11290399	0	0	0	0	0	0	3
151	758	0	0.900687135	4.78365358	4.0977474	2.77431039	5.63681012	2.08763806	0	0	0	0	0	0	3
152	762	0	0.906651951	4.47308386	4.09855521	2.77431039	5.63681012	2.0541154	0	0	0	0	0	0	3
153	767	0	0.912616766	4.82974493	4.11099288	2.77431039	5.63681012	2.02841627	0	0	0	0	0	0	3
154	771	0	0.918581582	4.45684608	4.11326982	2.77431039	5.63681012	1.99409977	0	0	0	0	0	0	3
155	776	0	0.924546397	4.99722801	4.1298755	2.77431039	5.63681012	1.98126345	0	0	0	0	0	0	3
156	781	0	0.930511213	4.92360608	4.1280102	2.77431039	5.63681012	1.95144321	0	0	0	0	0	0	3
157	785	0	0.936476028	4.90572299	4.14099746	2.77431039	5.63681012	1.94608597	0	0	0	0	0	0	3
158	790	0	0.942440844	4.83988621	4.13236023	2.77431039	5.63681012	1.91476619	0	0	0	0	0	0	3
159	795	0	0.948405659	4.61488563	4.14435281	2.77431039	5.63681012	1.89460244	0	0	0	0	0	0	3
160	799	0	0.954370475	5.56530828	4.1583121	2.77431039	5.63681012	1.86604435	0	0	0	0	0	0	3
161	804	0	0.96033529	4.64800646	4.16952602	2.77431039	5.63681012	1.84381827	0	0	0	0	0	0	3
162	809	0	0.966300106	4.94949123	4.17912929	2.77431039	5.63681012	1.81427182	0	0	0	0	0	0	3
163	813	0	0.972264921	4.8288923	4.19471069	2.77431039	5.63681012	1.80091066	0	0	0	0	0	0	3
164	818	0	0.978229736	5.25796084	4.20068897	2.77431039	5.63681012	1.77321911	0	0	0	0	0	0	3
165	822	0	0.984194552	4.49988297	4.21177922	2.77431039	5.63681012	1.75694356	0	0	0	0	0	0	3
166	827	0	0.990159367	5.01706185	4.21854149	2.77431039	5.63681012	1.730851	0	0	0	0	0	0	3
167	831	0	0.996124183	4.40029835	4.228049	2.77431039	5.63681012	1.71062683	0	0	0	0	0	0	3
168	836	0	1.002089	4.85956991	4.23777689	2.77431039	5.63681012	1.66520717	0.322344668	0	19.3	0	0	0	3
169	841	0	1.00805381	4.43575768	4.24660186	2.77431039	5.63681012	1.57465655	0.322344668	0	20.4	0	0	0	3
170	846	0	1.01401863	4.64534592	4.24549245	2.77431039	5.63681012	1.49360259	0.322344668	0	21.5	0	0	0	3
171	850	0	1.01998344	4.4248377	4.25653273	2.77431039	5.63681012	1.43540169	0.322344668	0	22.4	0	0	0	3
172	855	0	1.02594826	4.55955109	4.25724215	2.77431039	5.63681012	1.37290354	0.322344668	0	23.4	0	0	0	3
173	859	0	1.03191308	4.8243827	4.27370198	2.77431039	5.63681012	1.33939645	0.322344668	0	24	0	0	0	3
174	864	0	1.03787789	4.72248024	4.27306762	2.77431039	5.63681012	1.29380804	0.322344668	0	24.9	0	0	0	3
175	869	0	1.04384271	4.42995082	4.28717534	2.77431039	5.63681012	1.267505	0.322344668	0	25.4	0	0	0	3
176	873	0	1.04980752	4.15775097	4.28041997	2.77431039	5.63681012	1.18954247	0.322344668	0	27	0	0	0	3
177	878	0	1.05577234	4.56320714	4.29716156	2.77431039	5.63681012	1.11679724	0.322344668	0	28.8	0	0	0	3
178	883	0	1.06173715	4.56195318	4.29497765	2.77431039	5.63681012	1.02044598	0.322344668	0	31.5	0	0	0	3
179	888	0	1.06770197	4.58443523	4.31254844	2.77431039	5.63681012	0.951853182	0.322344668	0	33.8	0	0	0	3
180	892	0	1.07366678	4.63716	4.31331622	2.77431039	5.63681012	0.842796967	0.322344668	0	38.2	0	0	0	3
181	897	0	1.0796316	4.75491623	4.33534443	2.77431039	5.63681012	0.751054809	0.322344668	0	42.9	0	0	0	3
182	901	0	1.08559641	4.97621071	4.34115444	2.77431039	5.63681012	0.632944045	0.322344668	0	50.9	0	0	0	3
183	906	0	1.09156123	5.93601455	4.36898999	2.77431039	5.93601455	0.538920851	0.322344668	0	59.8	0	0	0	3
184	911	0	1.09752605	4.64602393	4.37299763	2.77431039	5.93601455	0.422068385	0.322344668	0	76.3	0	0	0	3
185	915	0	1.10349086	6.43257783	4.41472268	2.77431039	6.43257783	0.404316058	0.322344668	0	79.7	0	0	0	3
186	920	0	1.10945568	5.46723361	4.43066673	2.77431039	6.43257783	0.420260099	0.322344668	0	76.7	0	0	0	3
187	925	0	1.11542049	5.84278087	4.4663703	2.77431039	6.43257783	0.455963678	0.322344668	0	70.6	0	0	0	3
188	929	0	1.12138531	5.93555189	4.48666941	2.77431039	6.43257783	0.476262789	0.322344668	0	67.6	0	0	0	3
189	934	0	1.12735012	6.2351831	4.5235764	2.77431039	6.43257783	0.513169775	0.322344668	0	62.8	0	0	0	3
190	939	0	1.13331494	6.00333581	4.5456779	2.77431039	6.43257783	0.535271275	0.322344668	0	60.2	0	0	0	3
191	944	0	1.13927975	6.41191153	4.58098909	2.77431039	6.43257783	0.570582468	0.322344668	0	56.4	0	0	0	3
192	948	0	1.14524457	6.09743944	4.60562361	2.77431039	6.43257783	0.595216987	0.322344668	0	54.1	0	0	0	3
193	953	0	1.15120938	6.45416617	4.6477426	2.77431039	6.45416617	0.637335976	0.322344668	0	50.5	0	0	0	3
194	957	0	1.1571742	6.05236531	4.66968013	2.77431039	6.45416617	0.659273508	0.322344668	0	48.8	0	0	0	3
195	962	0	1.16313902	6.33991321	4.70525219	2.77431039	6.45416617	0.694845566	0.322344668	0	46.3	0	0	0	3
196	967	0	1.16910383	5.87726403	4.72592304	2.77431039	6.45416617	0.715516412	0.322344668	0	45	0	0	0	3
197	971	0	1.17506865	6.13552806	4.76311707	2.77431039	6.45416617	0.752710445	0.322344668	0	42.8	0	0	0	3
198	976	0	1.18103346	5.75623554	4.78110844	2.77431039	6.45416617	0.770701817	0.322344668	0	41.8	0	0	0	3
199	980	0	1.18699828	5.91228451	4.81567229	2.77431039	6.45416617	0.805265664	0.322344668	0	40	0	0	0	3
200	985	0	1.19296309	5.31431481	4.82396279	2.77431039	6.45416617	0.813556163	0.322344668	0	39.6	0	0	0	3
201	991	0	1.19892791	3.92682821	4.83513873	2.77431039	6.45416617	0.824732109	0.322344668	0	39	0	0	0	3
202	996	0	1.20489272	5.18835127	4.84009172	2.77431039	6.45416617	0.829685092	0.322344668	0	38.8	0	0	0	3
203	1000	0	1.21085754	3.4726978	4.84669956	2.77431039	6.45416617	0.836292936	0.322344668	0	38.5	0	0	0	3
204	1005	0	1.21682236	5.29368539	4.85090554	2.77431039	6.45416617	0.840498913	0.322344668	0	38.3	0	0	0	3
205	1009	0	1.22278717	3.57766881	4.85977521	2.77431039	6.45416617	0.849368587	0.322344668	0	37.9	0	0	0	3
206	1013	0	1.22875199	5.43783356	4.86584362	2.77431039	6.45416617	0.855436991	0.322344668	0	37.6	0	0	0	3
207	1018	0	1.2347168	3.56768437	4.87099688	2.77431039	6.45416617	0.860590253	0.322344668	0	37.4	0	0	0	3
208	1022	0	1.24068162	5.35844392	4.87788559	2.77431039	6.45416617	0.867478968	0.322344668	0	37.1	0	0	0	3
209	1027	0	1.24664643	3.61836126	4.88483137	2.77431039	6.45416617	0.874424745	0.322344668	0	36.8	0	0	0	3
210	1031	0	1.25261125	5.5274364	4.89451964	2.77431039	6.45416617	0.884113012	0.322344668	0	36.4	0	0	0	3
211	1036	0	1.25857606	3.67662541	4.90051136	2.77431039	6.45416617	0.890104738	0.322344668	0	36.2	0	0	0	3
212	1040	0	1.26454088	5.3601995	4.90715206	2.77431039	6.45416617	0.896745429	0.322344668	0	35.9	0	0	0	3
213	1044	0	1.27050569	3.50669852	4.91587096	3.0610175	6.45416617	0.905464336	0.322344668	0	35.5	0	0	0	3
214	1049	0	1.27647051	5.27593773	4.92234977	3.0610175	6.45416617	0.911943141	0.322344668	0	35.3	0	0	0	3
215	1053	0	1.28243533	3.40110872	4.92639847	3.25748563	6.45416617	0.915991846	0.322344668	0	35.1	0	0	0	3
216	1058	0	1.28840014	5.29899295	4.93418781	3.25748563	6.45416617	0.923781187	0.322344668	0	34.8	0	0	0	3
217	1062	0	1.29436496	3.45166813	4.93649951	3.40110872	6.45416617	0.926092883	0.322344668	0	34.8	0	0	0	3
218	1067	0	1.30032977	4.9917569	4.94108639	3.40110872	6.45416617	0.930679768	0.322344668	0	34.6	0	0	0	3
219	1071	0	1.30629459	3.79633196	4.92519342	3.40110872	6.45416617	0.930679768	0.322344668	0	34.6	0	0	0	3
220	1075	0	1.3122594	4.95944793	4.93005145	3.40110872	6.45416617	0.930679768	0.322344668	0	34.6	0	0	0	3
221	1080	0	1.31822422	4.0054684	4.92169628	3.40110872	6.45416617	0.930679768	0.322344668	0	34.6	0	0	0	3
222	1084	0	1.32418903	4.53794463	4.92270736	3.40110872	6.45416617	0.930679768	0.322344668	0	34.6	0	0	0	3
223	1088	0	1.33015385	4.00302507	4.92798483	3.40110872	6.45416617	0.930679768	0.322344668	0	34.6	0	0	0	3
224	1093	0	1.33611866	4.09184558	4.92316149	3.40110872	6.45416617	0.930679768	0.322344668	0	34.6	0	0	0	3
225	1097	0	1.34208348	4.24975911	4.9262939	3.40110872	6.45416617	0.930679768	0.322344668	0	34.6	0	0	0	3
226	1102	0	1.3480483	4.04383088	4.92057262	3.40110872	6.45416617	0.930679768	0.322344668	0	34.6	0	0	0	3
227	1106	0	1.35401311	4.07114068	4.91113317	3.40110872	6.45416617	0.91391976	0.322344668	0	35.2	0	0	0	3
228	1110	0	1.35997793	3.77395198	4.88963248	3.40110872	6.45416617	0.908368604	0.322344668	0	35.4	0	0	0	3
229	1115	0	1.36594274	3.52498808	4.86449174	3.40110872	6.45416617	0.897603886	0.322344668	0	35.9	0	0	0	3
230	1119	0	1.37190756	4.20957124	4.85446002	3.40110872	6.45416617	0.884170805	0.322344668	0	36.4	0	0	0	3
231	1124	0	1.37787237	2.887385	4.82702851	2.887385	6.45416617	0.872403419	0.322344668	0	36.9	0	0	0	3
232	1128	0	1.38383719	3.79683643	4.80801331	2.887385	6.45416617	0.859495607	0.322344668	0	37.5	0	0	0	3
233	1133	0	1.389802	2.98607958	4.78181803	2.887385	6.45416617	0.853864032	0.322344668	0	37.7	0	0	0	3
234	1137	0	1.39576682	4.40448107	4.77682452	2.887385	6.45416617	0.843338993	0.322344668	0	38.2	0	0	0	3
235	1142	0	1.40173163	2.97366682	4.75527706	2.887385	6.45416617	0.84253118	0.322344668	0	38.2	0	0	0	3
236	1146	0	1.40769645	4.25520261	4.75268324	2.887385	6.45416617	0.830093516	0.322344668	0	38.8	0	0	0	3
237	1151	0	1.41366127	3.76124127	4.73996295	2.887385	6.45416617	0.827816574	0.322344668	0	38.9	0	0	0	3
238	1156	0	1.41962608	4.48492974	4.74029728	2.887385	6.45416617	0.813076199	0.322344668	0	39.6	0	0	0	3
239	1160	0	1.4255909	3.11635513	4.71790594	2.887385	6.45416617	0.813076199	0.322344668	0	39.6	0	0	0	3
240	1165	0	1.43155571	4.3990781	4.71166156	2.887385	6.45416617	0.808726168	0.322344668	0	39.8	0	0	0	3
241	1170	0	1.43752053	3.35860726	4.69324351	2.887385	6.45416617	0.808726168	0.322344668	0	39.8	0	0	0	3
242	1174	0	1.44348534	4.35879579	4.68751625	2.887385	6.45416617	0.796733587	0.322344668	0	40.4	0	0	0	3
243	1179	0	1.44945016	3.49455093	4.67417893	2.887385	6.45416617	0.782774299	0.322344668	0	41.1	0	0	0	3
244	1184	0	1.45541497	4.47112878	4.66115298	2.887385	6.45416617	0.77156037	0.322344668	0	41.7	0	0	0	3
245	1189	0	1.46137979	3.15120883	4.64333396	2.887385	6.45416617	0.761957102	0.322344668	0	42.3	0	0	0	3
246	1193	0	1.4673446	4.24514129	4.63494884	2.887385	6.45416617	0.746375707	0.322344668	0	43.1	0	0	0	3
247	1198	0	1.47330942	3.19098189	4.61544991	2.887385	6.45416617	0.740397427	0.322344668	0	43.5	0	0	0	3
248	1203	0	1.47927424	4.27487405	4.6037465	2.887385	6.45416617	0.729307176	0.322344668	0	44.1	0	0	0	3
249	1207	0	1.48523905	3.30999012	4.58958111	2.887385	6.45416617	0.7225449	0.322344668	0	44.6	0	0	0	3
250	1212	0	1.49120387	3.83144859	4.57546666	2.887385	6.45416617	0.71303739	0.322344668	0	45.2	0	0	0	3
251	1217	0	1.49716868	5.02329553	4.5828833	2.887385	6.45416617	0.703309507	0.322344668	0	45.8	0	0	0	3
252	1222	0	1.5031335	5.68814985	4.59274734	2.887385	6.45416617	0.695593946	0.322344668	0	46.3	0	0	0	3
253	1226	0	1.50909831	4.92954797	4.5986258	2.887385	6.45416617	0.695593946	0.322344668	0	46.3	0	0	0	3
254	1231	0	1.51506313	4.11792885	4.59234702	2.887385	6.45416617	0.684553669	0.322344668	0	47	0	0	0	3
255	1236	0	1.52102794	3.71495771	4.58389607	2.887385	6.45416617	0.683844247	0.322344668	0	47.1	0	0	0	3
256	1240	0	1.52699276	3.55448108	4.57193095	2.887385	6.45416617	0.668018774	0.322344668	0	48.2	0	0	0	3
257	1245	0	1.53295757	3.22761873	4.55292186	2.887385	6.45416617	0.668018774	0.322344668	0	48.2	0	0	0	3
258	1250	0	1.53892239	4.39136692	4.54898003	2.887385	6.45416617	0.66066642	0.322344668	0	48.7	0	0	0	3
259	1255	0	1.54488721	3.26678221	4.53513279	2.887385	6.45416617	0.66066642	0.322344668	0	48.7	0	0	0	3
260	1259	0	1.55085202	3.84227691	4.53137714	2.887385	6.45416617	0.646108744	0.322344668	0	49.8	0	0	0	3
261	1264	0	1.55681684	3.05814291	4.51345971	2.887385	6.45416617	0.646108744	0.322344668	0	49.8	0	0	0	3
262	1269	0	1.56278165	4.59612282	4.51386649	2.887385	6.45416617	0.628537954	0.322344668	0	51.2	0	0	0	3
263	1274	0	1.56874647	3.76562401	4.50411874	2.887385	6.45416617	0.627770173	0.322344668	0	51.3	0	0	0	3
264	1278	0	1.57471128	4.54900109	4.50306923	2.887385	6.45416617	0.605741968	0.322344668	0	53.2	0	0	0	3
265	1283	0	1.5806761	4.72005261	4.50265419	2.887385	6.45416617	0.599931953	0.322344668	0	53.7	0	0	0	3
266	1288	0	1.58664091	4.25081524	4.49401853	2.887385	6.45416617	0.572096405	0.322344668	0	56.3	0	0	0	3
267	1292	0	1.59260573	5.86822413	4.4932115	2.887385	6.45416617	0.56808876	0.322344668	0	56.7	0	0	0	3
268	1297	0	1.59857054	5.64347573	4.50508592	2.887385	6.45416617	0.526363711	0.322344668	0	61.2	0	0	0	3
269	1302	0	1.60453536	5.16081804	4.48994593	2.887385	6.45416617	0.510419669	0.322344668	0	63.1	0	0	0	3
270	1306	0	1.61050018	5.63291938	4.49191838	2.887385	6.45416617	0.474716091	0.322344668	0	67.9	0	0	0	3
271	1311	0	1.61646499	5.84037964	4.49188979	2.887385	6.45416617	0.45441698	0.322344668	0	70.9	0	0	0	3
272	1316	0	1.62242981	4.7049306	4.47723954	2.887385	6.45416617	0.463846857	0.322344668	0	69.4	0	0	0	3
273	1321	0	1.62839462	5.85925048	4.47276415	2.887385	6.45416617	0.468322246	0.322344668	0	68.8	0	0	0	3
274	1326	0	1.63435944	4.77740132	4.45816969	2.887385	6.45416617	0.482916704	0.322344668	0	66.7	0	0	0	3
275	1330	0	1.64032425	5.88711737	4.45192214	2.887385	6.45416617	0.489164253	0.322344668	0	65.8	0	0	0	3
276	1335	0	1.64628907	4.91888082	4.43789168	2.887385	6.45416617	0.503194713	0.322344668	0	64	0	0	0	3
277	1340	0	1.65225388	5.58963444	4.42759964	2.887385	6.33991321	0.513486757	0.322344668	0	62.7	0	0	0	3
278	1345	0	1.6582187	4.84953772	4.41328026	2.887385	6.33991321	0.527806133	0.322344668	0	61	0	0	0	3
279	1349	0	1.66418352	5.41721885	4.4022958	2.887385	6.13552806	0.53879059	0.322344668	0	59.8	0	0	0	3
280	1354	0	1.67014833	4.69506913	4.38822206	2.887385	6.13552806	0.552864339	0.322344668	0	58.3	0	0	0	3
281	1359	0	1.67611315	5.39401849	4.37939456	2.887385	5.91228451	0.561691834	0.322344668	0	57.3	0	0	0	3
282	1364	0	1.68207796	4.35274462	4.36268634	2.887385	5.91228451	0.578400059	0.322344668	0	55.7	0	0	0	3
283	1368	0	1.68804278	4.82540964	4.34974735	2.887385	5.88711737	0.591339045	0.322344668	0	54.5	0	0	0	3
284	1373	0	1.69400759	6.40939397	4.36278401	2.887385	6.40939397	0.591339045	0.322344668	0	54.5	0	0	0	3
285	1378	0	1.69997241	4.79800453	4.37315515	2.887385	6.40939397	0.591339045	0.322344668	0	54.5	0	0	0	3
286	1382	0	1.70593722	5.45361097	4.37631301	2.887385	6.40939397	0.591339045	0.322344668	0	54.5	0	0	0	3
287	1387	0	1.71190204	5.64391484	4.40216083	2.887385	6.40939397	0.591339045	0.322344668	0	54.5	0	0	0	3
288	1392	0	1.71786685	5.81064734	4.40831514	2.887385	6.40939397	0.591339045	0.322344668	0	54.5	0	0	0	3
289	1397	0	1.72383167	6.23122984	4.43990515	2.887385	6.40939397	0.591339045	0.322344668	0	54.5	0	0	0	3
290	1402	0	1.72979649	5.74264765	4.44353389	2.887385	6.40939397	0.591339045	0.322344668	0	54.5	0	0	0	3
291	1406	0	1.7357613	5.54469278	4.4670697	2.887385	6.40939397	0.591339045	0.322344668	0	54.5	0	0	0	3
292	1411	0	1.74172612	5.28335605	4.4661758	2.887385	6.40939397	0.591339045	0.322344668	0	54.5	0	0	0	3
293	1416	0	1.74769093	6.42095068	4.49953996	2.887385	6.42095068	0.591339045	0.322344668	0	54.5	0	0	0	3
294	1421	0	1.75365575	6.17877026	4.50729393	2.887385	6.42095068	0.591339045	0.322344668	0	54.5	0	0	0	3
295	1425	0	1.75962056	5.88740288	4.53361271	2.887385	6.42095068	0.591339045	0.322344668	0	54.5	0	0	0	3
296	1430	0	1.76558538	5.50736795	4.53536472	2.887385	6.42095068	0.591339045	0.322344668	0	54.5	0	0	0	3
297	1435	0	1.77155019	5.91677526	4.56405611	2.887385	6.42095068	0.591339045	0.322344668	0	54.5	0	0	0	3
298	1439	0	1.77751501	5.65362921	4.56855244	2.887385	6.42095068	0.591339045	0.322344668	0	54.5	0	0	0	3
299	1444	0	1.78347982	4.93971065	4.58686913	2.887385	6.42095068	0.591339045	0.322344668	0	54.5	0	0	0	3
300	1449	0	1.78944464	5.73459731	4.59205489	2.887385	6.42095068	0.591339045	0.322344668	0	54.5	0	0	0	3
301	1456	0	1.79540946	5.23350571	4.61326724	2.887385	6.42095068	0.591339045	0.322344668	0	54.5	0	0	0	3
302	1461	0	1.80137427	5.28422618	4.61674902	2.887385	6.42095068	0.580304097	0.322344668	0	55.5	0	0	0	3
303	1466	0	1.80733909	5.53154101	4.63740627	2.887385	6.42095068	0.580304097	0.322344668	0	55.5	0	0	0	3
304	1470	0	1.8133039	5.21447	4.64044225	2.887385	6.42095068	0.578237477	0.322344668	0	55.7	0	0	0	3
305	1476	0	1.81926872	7.09854313	4.67726457	2.887385	7.09854313	0.578237477	0.322344668	0	55.7	0	0	0	3
306	1481	0	1.82523353	3.49798673	4.66488412	2.887385	7.09854313	0.578237477	0.322344668	0	55.7	0	0	0	3
307	1486	0	1.83119835	4.19277002	4.66714298	2.887385	7.09854313	0.576546547	0.322344668	0	55.9	0	0	0	3
308	1491	0	1.83716316	4.02426134	4.66633841	2.887385	7.09854313	0.576546547	0.322344668	0	55.9	0	0	0	3
309	1496	0	1.84312798	4.37121384	4.6677843	2.887385	7.09854313	0.57082527	0.322344668	0	56.4	0	0	0	3
310	1501	0	1.84909279	3.68555426	4.6635191	2.887385	7.09854313	0.561385822	0.322344668	0	57.4	0	0	0	3
311	1506	0	1.85505761	4.75381097	4.67164613	2.887385	7.09854313	0.539885127	0.322344668	0	59.7	0	0	0	3
312	1510	0	1.86102243	4.07987439	4.67528806	2.887385	7.09854313	0.514744388	0.322344668	0	62.6	0	0	0	3
313	1515	0	1.86698724	5.04827823	4.69342247	2.887385	7.09854313	0.504712669	0.322344668	0	63.8	0	0	0	3
314	1520	0	1.87295206	3.97777771	4.69066302	2.887385	7.09854313	0.477281165	0.322344668	0	67.5	0	0	0	3
315	1525	0	1.87891687	5.43414264	4.72098156	2.97366682	7.09854313	0.458265958	0.322344668	0	70.3	0	0	0	3
316	1530	0	1.88488169	4.22800688	4.72611455	2.97366682	7.09854313	0.432070677	0.322344668	0	74.6	0	0	0	3
317	1535	0	1.8908465	5.99488573	4.76193367	2.97366682	7.09854313	0.427077172	0.322344668	0	75.4	0	0	0	3
318	1539	0	1.89681132	4.27708859	4.76041709	2.97366682	7.09854313	0.412186319	0.322344668	0	78.2	0	0	0	3
319	1544	0	1.90277613	6.50146589	4.8024147	3.05814291	7.09854313	0.45266735	0.322344668	0	71.2	0	0	0	3
320	1549	0	1.90874095	4.39091794	4.80403036	3.05814291	7.09854313	0.454283008	0.322344668	0	70.9	0	0	0	3
321	1554	0	1.91470576	7.16121951	4.84450629	3.05814291	7.16121951	0.49475894	0.322344668	0	65.1	0	0	0	3
322	1559	0	1.92067058	4.52117695	4.8449378	3.05814291	7.16121951	0.495190454	0.322344668	0	65	0	0	0	3
323	1564	0	1.9266354	7.73051341	4.89986826	3.05814291	7.73051341	0.55012091	0.322344668	0	58.5	0	0	0	3
324	1568	0	1.93260021	4.74162985	4.90394626	3.05814291	7.73051341	0.554198907	0.322344668	0	58.1	0	0	0	3
325	1573	0	1.93856503	10.2555208	4.98605237	3.05814291	10.2555208	0.63630502	0.322344668	0	50.6	0	0	0	3
326	1578	0	1.94452984	4.82905272	4.99165067	3.05814291	10.2555208	0.641903317	0.322344668	0	50.2	0	0	0	3
327	1583	0	1.95049466	6.62725705	5.02894479	3.05814291	10.2555208	0.679197437	0.322344668	0	47.4	0	0	0	3
328	1588	0	1.95645947	5.35420095	5.03945755	3.05814291	10.2555208	0.689710201	0.322344668	0	46.7	0	0	0	3
329	1592	0	1.96242429	5.70863841	5.06990314	3.05814291	10.2555208	0.720155792	0.322344668	0	44.7	0	0	0	3
330	1597	0	1.9683891	4.89422947	5.07763038	3.05814291	10.2555208	0.727883032	0.322344668	0	44.2	0	0	0	3
331	1602	0	1.97435392	5.87054779	5.10952997	3.05814291	10.2555208	0.759782626	0.322344668	0	42.4	0	0	0	3
332	1607	0	1.98031873	4.99062822	5.11805086	3.05814291	10.2555208	0.768303509	0.322344668	0	41.9	0	0	0	3
333	1612	0	1.98628355	5.14562277	5.13990363	3.05814291	10.2555208	0.790156279	0.322344668	0	40.7	0	0	0	3
334	1616	0	1.99224837	4.97707363	5.15354202	3.05814291	10.2555208	0.803794672	0.322344668	0	40.1	0	0	0	3
335	1621	0	1.99821318	4.9408534	5.15256057	3.05814291	10.2555208	0.803794672	0.322344668	0	40.1	0	0	0	3
336	1626	0	2.004178	5.16863462	5.14637586	3.05814291	10.2555208	0.803794672	0.322344668	0	40.1	0	0	0	3
337	1631	0	2.01014281	4.76150901	5.1443754	3.05814291	10.2555208	0.803794672	0.322344668	0	40.1	0	0	0	3
338	1636	0	2.01610763	4.92716969	5.15400922	3.05814291	10.2555208	0.804261869	0.322344668	0	40	0	0	0	3
339	1640	0	2.02207244	4.73612194	5.16616593	3.05814291	10.2555208	0.816418586	0.322344668	0	39.4	0	0	0	3
340	1645	0	2.02803726	4.68617555	5.17963849	3.05814291	10.2555208	0.829891139	0.322344668	0	38.8	0	0	0	3
341	1650	0	2.03400207	4.6104113	5.1961003	3.05814291	10.2555208	0.846352955	0.322344668	0	38	0	0	0	3
342	1655	0	2.03996689	4.74988647	5.20036839	3.05814291	10.2555208	0.850621045	0.322344668	0	37.8	0	0	0	3
343	1660	0	2.0459317	4.50940937	5.21516157	3.05814291	10.2555208	0.865414225	0.322344668	0	37.2	0	0	0	3
344	1665	0	2.05189652	4.8229939	5.22683678	3.05814291	10.2555208	0.877089428	0.322344668	0	36.7	0	0	0	3
345	1670	0	2.05786134	4.34292444	5.24213179	3.49798673	10.2555208	0.892384446	0.322344668	0	36.1	0	0	0	3
346	1675	0	2.06382615	4.66744465	5.24298086	3.49798673	10.2555208	0.893233515	0.322344668	0	36	0	0	0	3
347	1680	0	2.06979097	4.16154028	5.24769415	3.49798673	10.2555208	0.897946804	0.322344668	0	35.8	0	0	0	3
348	1685	0	2.07575578	4.45193973	5.24653866	3.49798673	10.2555208	0.897946804	0.322344668	0	35.8	0	0	0	3
349	1690	0	2.0817206	3.8935772	5.23669967	3.49798673	10.2555208	0.897946804	0.322344668	0	35.8	0	0	0	3
350	1694	0	2.08768541	4.49763616	5.23963801	3.49798673	10.2555208	0.897946804	0.322344668	0	35.8	0	0	0	3
351	1699	0	2.09365023	4.64618346	5.22508991	3.49798673	10.2555208	0.897946804	0.322344668	0	35.8	0	0	0	3
352	1704	0	2.09961504	4.29014537	5.20897883	3.49798673	10.2555208	0.897946804	0.322344668	0	35.8	0	0	0	3
353	1709	0	2.10557986	4.57847689	5.2020462	3.49798673	10.2555208	0.897946804	0.322344668	0	35.8	0	0	0	3
354	1715	0	2.11154468	3.84579973	5.18077097	3.49798673	10.2555208	0.897946804	0.322344668	0	35.8	0	0	0	3
355	1720	0	2.11750949	3.95815898	5.15836358	3.49798673	10.2555208	0.897946804	0.322344668	0	35.8	0	0	0	3
356	1724	0	2.12347431	3.9649131	5.14955385	3.49798673	10.2555208	0.897946804	0.322344668	0	35.8	0	0	0	3
357	1729	0	2.12943912	3.61108247	5.12278994	3.49798673	10.2555208	0.897946804	0.322344668	0	35.8	0	0	0	3
358	1734	0	2.13540394	4.75214403	5.12248926	3.49798673	10.2555208	0.897946804	0.322344668	0	35.8	0	0	0	3
359	1739	0	2.14136875	4.51488929	5.10615321	3.49798673	10.2555208	0.897946804	0.322344668	0	35.8	0	0	0	3
360	1744	0	2.14733357	5.1630324	5.10905978	3.49798673	10.2555208	0.897946804	0.322344668	0	35.8	0	0	0	3
361	1749	0	2.15329838	4.22174942	5.09277543	3.49798673	10.2555208	0.897946804	0.322344668	0	35.8	0	0	0	3
362	1754	0	2.1592632	4.53282813	5.08900508	3.49798673	10.2555208	0.897946804	0.322344668	0	35.8	0	0	0	3
363	1758	0	2.16522801	4.02634705	5.07244708	3.49798673	10.2555208	0.897946804	0.322344668	0	35.8	0	0	0	3
364	1763	0	2.17119283	3.75526508	5.06125894	3.49798673	10.2555208	0.897946804	0.322344668	0	35.8	0	0	0	3
365	1768	0	2.17715765	3.85305888	5.04291418	3.49798673	10.2555208	0.897946804	0.322344668	0	35.8	0	0	0	3
366	1773	0	2.18312246	3.88623303	5.03736047	3.49798673	10.2555208	0.897946804	0.322344668	0	35.8	0	0	0	3
367	1778	0	2.18908728	3.91809501	5.02655911	3.49798673	10.2555208	0.884910147	0.322344668	0	36.4	0	0	0	3
368	1783	0	2.19505209	4.2348255	5.00067139	3.49798673	10.2555208	0.874539	0.322344668	0	36.8	0	0	0	3
369	1788	0	2.20101691	3.77872378	4.98853709	3.49798673	10.2555208	0.871381147	0.322344668	0	36.9	0	0	0	3
370	1792	0	2.20698172	3.81123099	4.96898495	3.49798673	10.2555208	0.845533325	0.322344668	0	38.1	0	0	0	3
371	1797	0	2.21294654	3.54601749	4.94400998	3.49798673	10.2555208	0.839379016	0.322344668	0	38.4	0	0	0	3
372	1802	0	2.21891135	4.48959026	4.92828311	3.49798673	10.2555208	0.807789004	0.322344668	0	39.9	0	0	0	3
373	1807	0	2.22487617	3.476898	4.89549345	3.476898	10.2555208	0.804160264	0.322344668	0	40	0	0	0	3
374	1812	0	2.23084098	4.95684142	4.88613861	3.476898	10.2555208	0.781518353	0.322344668	0	41.2	0	0	0	3
375	1817	0	2.2368058	3.43734956	4.86105119	3.43734956	10.2555208	0.781518353	0.322344668	0	41.2	0	0	0	3
376	1822	0	2.24277062	5.18313775	4.85985812	3.43734956	10.2555208	0.748154193	0.322344668	0	43	0	0	0	3
377	1827	0	2.24873543	3.39976281	4.82389159	3.39976281	10.2555208	0.740400219	0.322344668	0	43.5	0	0	0	3
378	1831	0	2.25470025	5.26789705	4.81304786	3.39976281	10.2555208	0.714081439	0.322344668	0	45.1	0	0	0	3
379	1836	0	2.26066506	3.18400111	4.78086451	3.18400111	10.2555208	0.712329434	0.322344668	0	45.2	0	0	0	3
380	1841	0	2.26662988	5.14582724	4.77656045	3.18400111	10.2555208	0.683638044	0.322344668	0	47.1	0	0	0	3
381	1846	0	2.27259469	3.74310687	4.75068345	3.18400111	10.2555208	0.679141717	0.322344668	0	47.4	0	0	0	3
382	1851	0	2.27855951	5.08077973	4.74386381	3.18400111	10.2555208	0.660825028	0.322344668	0	48.7	0	0	0	3
383	1856	0	2.28452432	5.28675279	4.74799527	3.18400111	10.2555208	0.655639261	0.322344668	0	49.1	0	0	0	3
384	1860	0	2.29048914	5.02442751	4.73954086	3.18400111	10.2555208	0.634426909	0.322344668	0	50.8	0	0	0	3
385	1865	0	2.29645395	4.32213967	4.72869127	3.18400111	10.2555208	0.630945132	0.322344668	0	51	0	0	0	3
386	1870	0	2.30241877	5.0655932	4.72608849	3.18400111	10.2555208	0.610287881	0.322344668	0	52.8	0	0	0	3
387	1875	0	2.30838359	5.14340995	4.72146789	3.18400111	10.2555208	0.607251905	0.322344668	0	53	0	0	0	3
388	1880	0	2.3143484	5.20111561	4.72130891	3.18400111	10.2555208	0.584175052	0.322344668	0	55.1	0	0	0	3
389	1885	0	2.32031322	4.36860247	4.68880961	3.18400111	10.2555208	0.584175052	0.322344668	0	55.1	0	0	0	3
390	1890	0	2.32627803	5.80707424	4.71629875	3.18400111	10.2555208	0.584175052	0.322344668	0	55.1	0	0	0	3
391	1895	0	2.33224285	5.99890785	4.73780039	3.18400111	10.2555208	0.584175052	0.322344668	0	55.1	0	0	0	3
392	1900	0	2.33820766	5.30050551	4.75299377	3.18400111	10.2555208	0.584175052	0.322344668	0	55.1	0	0	0	3
393	1905	0	2.34417248	3.60663635	4.74389166	3.18400111	10.2555208	0.584175052	0.322344668	0	55.1	0	0	0	3
394	1910	0	2.35013729	5.29116482	4.76300607	3.18400111	10.2555208	0.576048024	0.322344668	0	55.9	0	0	0	3
395	1915	0	2.35610211	4.23873666	4.75687423	3.18400111	10.2555208	0.572406091	0.322344668	0	56.3	0	0	0	3
396	1920	0	2.36206692	5.18582621	4.77004033	3.18400111	10.2555208	0.55888454	0.322344668	0	57.6	0	0	0	3
397	1925	0	2.36803174	4.24807919	4.76051415	3.18400111	10.2555208	0.55888454	0.322344668	0	57.6	0	0	0	3
398	1929	0	2.37399656	4.97177704	4.77234747	3.18400111	10.2555208	0.55888454	0.322344668	0	57.6	0	0	0	3
399	1934	0	2.37996137	3.793115	4.75281143	3.18400111	10.2555208	0.55888454	0.322344668	0	57.6	0	0	0	3
400	1940	0	2.38592619	4.44644807	4.75541192	3.18400111	10.2555208	0.55888454	0.322344668	0	57.6	0	0	0	3
401	1948	0	2.391891	3.89649507	4.73043108	3.18400111	10.2555208	0.55888454	0.322344668	0	57.6	0	0	0	3
402	1953	0	2.39785582	4.71790852	4.73567894	3.18400111	10.2555208	0.55888454	0.322344668	0	57.6	0	0	0	3
403	1958	0	2.40382063	4.31868344	4.70969343	3.18400111	10.2555208	0.55888454	0.322344668	0	57.6	0	0	0	3
404	1963	0	2.40978545	4.51161928	4.71113035	3.18400111	10.2555208	0.55888454	0.322344668	0	57.6	0	0	0	3
405	1968	0	2.41575026	4.75941904	4.68253749	3.18400111	10.2555208	0.565156664	0.322344668	0	57	0	0	0	3
406	1973	0	2.42171508	4.74294205	4.68517755	3.18400111	10.2555208	0.565156664	0.322344668	0	57	0	0	0	3
407	1979	0	2.42767989	4.56172988	4.64745394	3.18400111	10.2555208	0.600240216	0.322344668	0	53.7	0	0	0	3
408	1984	0	2.43364471	4.87382394	4.64902768	3.18400111	10.2555208	0.600240216	0.322344668	0	53.7	0	0	0	3
409	1989	0	2.43960953	3.73509448	4.57140355	3.18400111	6.62725705	0.6762906	0.322344668	0	47.6	0	0	0	3
410	1994	0	2.44557434	4.59464771	4.56861302	3.18400111	6.62725705	0.679081135	0.322344668	0	47.4	0	0	0	3
411	1999	0	2.45153916	4.08585291	4.53835821	3.18400111	5.99890785	0.709335947	0.322344668	0	45.4	0	0	0	3
412	2004	0	2.45750397	4.85750926	4.53244521	3.18400111	5.99890785	0.715248943	0.322344668	0	45	0	0	0	3
413	2009	0	2.46346879	4.03029507	4.51246493	3.18400111	5.99890785	0.735229221	0.322344668	0	43.8	0	0	0	3
414	2014	0	2.4694336	4.13108354	4.50337986	3.18400111	5.99890785	0.744314292	0.322344668	0	43.3	0	0	0	3
415	2019	0	2.47539842	5.05076693	4.49362057	3.18400111	5.99890785	0.754073588	0.322344668	0	42.7	0	0	0	3
416	2024	0	2.48136323	3.89310004	4.48055475	3.18400111	5.99890785	0.767139399	0.322344668	0	42	0	0	0	3
417	2029	0	2.48732805	3.68526199	4.46316951	3.18400111	5.99890785	0.784524647	0.322344668	0	41	0	0	0	3
418	2034	0	2.49329286	4.18696364	4.45376343	3.18400111	5.99890785	0.793930718	0.322344668	0	40.6	0	0	0	3
419	2039	0	2.49925768	4.78673611	4.45192871	3.18400111	5.99890785	0.795765447	0.322344668	0	40.5	0	0	0	3
420	2044	0	2.5052225	5.57576448	4.45677549	3.18400111	5.99890785	0.795765447	0.322344668	0	40.5	0	0	0	3
421	2049	0	2.51118731	5.5084633	4.4656678	3.18400111	5.99890785	0.795765447	0.322344668	0	40.5	0	0	0	3
422	2054	0	2.51715213	4.94757262	4.46591069	3.18400111	5.99890785	0.795765447	0.322344668	0	40.5	0	0	0	3
423	2060	0	2.52311694	5.4688962	4.4746342	3.18400111	5.99890785	0.795765447	0.322344668	0	40.5	0	0	0	3
424	2065	0	2.52908176	5.35508056	4.48259735	3.18400111	5.99890785	0.795765447	0.322344668	0	40.5	0	0	0	3
425	2070	0	2.53504657	5.13371192	4.48882712	3.18400111	5.99890785	0.795765447	0.322344668	0	40.5	0	0	0	3
426	2075	0	2.54101139	4.90062458	4.49062162	3.18400111	5.99890785	0.795765447	0.322344668	0	40.5	0	0	0	3
427	2081	0	2.5469762	5.68348044	4.50459866	3.18400111	5.99890785	0.795765447	0.322344668	0	40.5	0	0	0	3
428	2086	0	2.55294102	4.71939671	4.50336536	3.18400111	5.99890785	0.795765447	0.322344668	0	40.5	0	0	0	3
429	2091	0	2.55890584	5.99552826	4.52303921	3.18400111	5.99890785	0.795765447	0.322344668	0	40.5	0	0	0	3
430	2096	0	2.56487065	4.5625066	4.52178995	3.18400111	5.99890785	0.795765447	0.322344668	0	40.5	0	0	0	3
431	2101	0	2.57083547	4.97574221	4.53148283	3.18400111	5.99890785	0.794609955	0.322344668	0	40.5	0	0	0	3
432	2106	0	2.57680028	5.36878609	4.54239767	3.18400111	5.99890785	0.787709306	0.322344668	0	40.9	0	0	0	3
