Iteration	CPUTime	PhysTime	Travels
1	12	0	0.00596481547
2	18	0	0.0119296309
3	22	0	0.0178944464
4	26	0	0.0238592619
5	34	0	0.0298240773
6	39	0	0.0357888928
7	43	0	0.0417537083
8	48	0	0.0477185237
9	52	0	0.0536833392
10	56	0	0.0596481547
11	60	0	0.0656129701
12	64	0	0.0715777856
13	69	0	0.0775426011
14	73	0	0.0835074165
15	78	0	0.089472232
16	82	0	0.0954370475
17	87	0	0.101401863
18	91	0	0.107366678
19	96	0	0.113331494
20	100	0	0.119296309
21	104	0	0.125261125
22	109	0	0.13122594
23	113	0	0.137190756
24	117	0	0.143155571
25	121	0	0.149120387
26	126	0	0.155085202
27	130	0	0.161050018
28	135	0	0.167014833
29	139	0	0.172979649
30	143	0	0.178944464
31	148	0	0.184909279
32	152	0	0.190874095
33	156	0	0.19683891
34	160	0	0.202803726
35	164	0	0.208768541
36	169	0	0.214733357
37	173	0	0.220698172
38	178	0	0.226662988
39	182	0	0.232627803
40	186	0	0.238592619
41	191	0	0.244557434
42	195	0	0.25052225
43	200	0	0.256487065
44	205	0	0.262451881
45	209	0	0.268416696
46	213	0	0.274381511
47	218	0	0.280346327
48	222	0	0.286311142
49	227	0	0.292275958
50	293	0	0.298240773
51	298	0	0.304205589
52	307	0	0.310170404
53	312	0	0.31613522
54	317	0	0.322100035
55	321	0	0.328064851
56	326	0	0.334029666
57	331	0	0.339994482
58	335	0	0.345959297
59	340	0	0.351924113
60	344	0	0.357888928
61	349	0	0.363853743
62	353	0	0.369818559
63	358	0	0.375783374
64	362	0	0.38174819
65	366	0	0.387713005
66	370	0	0.393677821
67	374	0	0.399642636
68	378	0	0.405607452
69	383	0	0.411572267
70	387	0	0.417537083
71	392	0	0.423501898
72	396	0	0.429466714
73	400	0	0.435431529
74	404	0	0.441396345
75	408	0	0.44736116
76	412	0	0.453325975
77	416	0	0.459290791
78	421	0	0.465255606
79	426	0	0.471220422
80	431	0	0.477185237
81	435	0	0.483150053
82	440	0	0.489114868
83	445	0	0.495079684
84	449	0	0.501044499
85	454	0	0.507009315
86	458	0	0.51297413
87	463	0	0.518938946
88	467	0	0.524903761
89	472	0	0.530868577
90	476	0	0.536833392
91	481	0	0.542798207
92	485	0	0.548763023
93	490	0	0.554727838
94	494	0	0.560692654
95	499	0	0.566657469
96	503	0	0.572622285
97	508	0	0.5785871
98	512	0	0.584551916
99	517	0	0.590516731
100	521	0	0.596481547
101	528	0	0.602446362
102	533	0	0.608411178
103	538	0	0.614375993
104	542	0	0.620340808
105	547	0	0.626305624
106	551	0	0.632270439
107	556	0	0.638235255
108	560	0	0.64420007
109	565	0	0.650164886
110	569	0	0.656129701
111	574	0	0.662094517
112	579	0	0.668059332
113	583	0	0.674024148
114	588	0	0.679988963
115	592	0	0.685953779
116	597	0	0.691918594
117	602	0	0.69788341
118	606	0	0.703848225
119	611	0	0.70981304
120	615	0	0.715777856
121	620	0	0.721742671
122	625	0	0.727707487
123	629	0	0.733672302
124	634	0	0.739637118
125	638	0	0.745601933
126	643	0	0.751566749
127	648	0	0.757531564
128	652	0	0.76349638
129	657	0	0.769461195
130	661	0	0.775426011
131	666	0	0.781390826
132	670	0	0.787355642
133	675	0	0.793320457
134	679	0	0.799285272
135	684	0	0.805250088
136	689	0	0.811214903
137	693	0	0.817179719
138	698	0	0.823144534
139	702	0	0.82910935
140	707	0	0.835074165
141	712	0	0.841038981
142	716	0	0.847003796
143	721	0	0.852968612
144	726	0	0.858933427
145	730	0	0.864898243
146	735	0	0.870863058
147	740	0	0.876827874
148	744	0	0.882792689
149	749	0	0.888757504
150	753	0	0.89472232
151	758	0	0.900687135
152	762	0	0.906651951
153	767	0	0.912616766
154	771	0	0.918581582
155	776	0	0.924546397
156	781	0	0.930511213
157	785	0	0.936476028
158	790	0	0.942440844
159	795	0	0.948405659
160	799	0	0.954370475
161	804	0	0.96033529
162	809	0	0.966300106
163	813	0	0.972264921
164	818	0	0.978229736
165	822	0	0.984194552
166	827	0	0.990159367
167	831	0	0.996124183
168	836	0	1.002089
169	841	0	1.00805381
170	846	0	1.01401863
171	850	0	1.01998344
172	855	0	1.02594826
173	859	0	1.03191308
174	864	0	1.03787789
175	869	0	1.04384271
176	873	0	1.04980752
177	878	0	1.05577234
178	883	0	1.06173715
179	888	0	1.06770197
180	892	0	1.07366678
181	897	0	1.0796316
182	901	0	1.08559641
183	906	0	1.09156123
184	911	0	1.09752605
185	915	0	1.10349086
186	920	0	1.10945568
187	925	0	1.11542049
188	929	0	1.12138531
189	934	0	1.12735012
190	939	0	1.13331494
191	944	0	1.13927975
192	948	0	1.14524457
193	953	0	1.15120938
194	957	0	1.1571742
195	962	0	1.16313902
196	967	0	1.16910383
197	971	0	1.17506865
198	976	0	1.18103346
199	980	0	1.18699828
200	985	0	1.19296309
201	991	0	1.19892791
202	996	0	1.20489272
203	1000	0	1.21085754
204	1005	0	1.21682236
205	1009	0	1.22278717
206	1013	0	1.22875199
207	1018	0	1.2347168
208	1022	0	1.24068162
209	1027	0	1.24664643
210	1031	0	1.25261125
211	1036	0	1.25857606
212	1040	0	1.26454088
213	1044	0	1.27050569
214	1049	0	1.27647051
215	1053	0	1.28243533
216	1058	0	1.28840014
217	1062	0	1.29436496
218	1067	0	1.30032977
219	1071	0	1.30629459
220	1075	0	1.3122594
221	1080	0	1.31822422
222	1084	0	1.32418903
223	1088	0	1.33015385
224	1093	0	1.33611866
225	1097	0	1.34208348
226	1102	0	1.3480483
227	1106	0	1.35401311
228	1110	0	1.35997793
229	1115	0	1.36594274
230	1119	0	1.37190756
231	1124	0	1.37787237
232	1128	0	1.38383719
233	1133	0	1.389802
234	1137	0	1.39576682
235	1142	0	1.40173163
236	1146	0	1.40769645
237	1151	0	1.41366127
238	1156	0	1.41962608
239	1160	0	1.4255909
240	1165	0	1.43155571
241	1170	0	1.43752053
242	1174	0	1.44348534
243	1179	0	1.44945016
244	1184	0	1.45541497
245	1189	0	1.46137979
246	1193	0	1.4673446
247	1198	0	1.47330942
248	1203	0	1.47927424
249	1207	0	1.48523905
250	1212	0	1.49120387
251	1217	0	1.49716868
252	1222	0	1.5031335
253	1226	0	1.50909831
254	1231	0	1.51506313
255	1236	0	1.52102794
256	1240	0	1.52699276
257	1245	0	1.53295757
258	1250	0	1.53892239
259	1255	0	1.54488721
260	1259	0	1.55085202
261	1264	0	1.55681684
262	1269	0	1.56278165
263	1274	0	1.56874647
264	1278	0	1.57471128
265	1283	0	1.5806761
266	1288	0	1.58664091
267	1292	0	1.59260573
268	1297	0	1.59857054
269	1302	0	1.60453536
270	1306	0	1.61050018
271	1311	0	1.61646499
272	1316	0	1.62242981
273	1321	0	1.62839462
274	1326	0	1.63435944
275	1330	0	1.64032425
276	1335	0	1.64628907
277	1340	0	1.65225388
278	1345	0	1.6582187
279	1349	0	1.66418352
280	1354	0	1.67014833
281	1359	0	1.67611315
282	1364	0	1.68207796
283	1368	0	1.68804278
284	1373	0	1.69400759
285	1378	0	1.69997241
286	1382	0	1.70593722
287	1387	0	1.71190204
288	1392	0	1.71786685
289	1397	0	1.72383167
290	1402	0	1.72979649
291	1406	0	1.7357613
292	1411	0	1.74172612
293	1416	0	1.74769093
294	1421	0	1.75365575
295	1425	0	1.75962056
296	1430	0	1.76558538
297	1435	0	1.77155019
298	1439	0	1.77751501
299	1444	0	1.78347982
300	1449	0	1.78944464
301	1456	0	1.79540946
302	1461	0	1.80137427
303	1466	0	1.80733909
304	1470	0	1.8133039
305	1476	0	1.81926872
306	1481	0	1.82523353
307	1486	0	1.83119835
308	1491	0	1.83716316
309	1496	0	1.84312798
310	1501	0	1.84909279
311	1506	0	1.85505761
312	1510	0	1.86102243
313	1515	0	1.86698724
314	1520	0	1.87295206
315	1525	0	1.87891687
316	1530	0	1.88488169
317	1535	0	1.8908465
318	1539	0	1.89681132
319	1544	0	1.90277613
320	1549	0	1.90874095
321	1554	0	1.91470576
322	1559	0	1.92067058
323	1564	0	1.9266354
324	1568	0	1.93260021
325	1573	0	1.93856503
326	1578	0	1.94452984
327	1583	0	1.95049466
328	1588	0	1.95645947
329	1592	0	1.96242429
330	1597	0	1.9683891
331	1602	0	1.97435392
332	1607	0	1.98031873
333	1612	0	1.98628355
334	1616	0	1.99224837
335	1621	0	1.99821318
336	1626	0	2.004178
337	1631	0	2.01014281
338	1636	0	2.01610763
339	1640	0	2.02207244
340	1645	0	2.02803726
341	1650	0	2.03400207
342	1655	0	2.03996689
343	1660	0	2.0459317
344	1665	0	2.05189652
345	1670	0	2.05786134
346	1675	0	2.06382615
347	1680	0	2.06979097
348	1685	0	2.07575578
349	1690	0	2.0817206
350	1694	0	2.08768541
351	1699	0	2.09365023
352	1704	0	2.09961504
353	1709	0	2.10557986
354	1715	0	2.11154468
355	1720	0	2.11750949
356	1724	0	2.12347431
357	1729	0	2.12943912
358	1734	0	2.13540394
359	1739	0	2.14136875
360	1744	0	2.14733357
361	1749	0	2.15329838
362	1754	0	2.1592632
363	1758	0	2.16522801
364	1763	0	2.17119283
365	1768	0	2.17715765
366	1773	0	2.18312246
367	1778	0	2.18908728
368	1783	0	2.19505209
369	1788	0	2.20101691
370	1792	0	2.20698172
371	1797	0	2.21294654
372	1802	0	2.21891135
373	1807	0	2.22487617
374	1812	0	2.23084098
375	1817	0	2.2368058
376	1822	0	2.24277062
377	1827	0	2.24873543
378	1831	0	2.25470025
379	1836	0	2.26066506
380	1841	0	2.26662988
381	1846	0	2.27259469
382	1851	0	2.27855951
383	1856	0	2.28452432
384	1860	0	2.29048914
385	1865	0	2.29645395
386	1870	0	2.30241877
387	1875	0	2.30838359
388	1880	0	2.3143484
389	1885	0	2.32031322
390	1890	0	2.32627803
391	1895	0	2.33224285
392	1900	0	2.33820766
393	1905	0	2.34417248
394	1910	0	2.35013729
395	1915	0	2.35610211
396	1920	0	2.36206692
397	1925	0	2.36803174
398	1929	0	2.37399656
399	1934	0	2.37996137
400	1940	0	2.38592619
401	1948	0	2.391891
402	1953	0	2.39785582
403	1958	0	2.40382063
404	1963	0	2.40978545
405	1968	0	2.41575026
406	1973	0	2.42171508
407	1979	0	2.42767989
408	1984	0	2.43364471
409	1989	0	2.43960953
410	1994	0	2.44557434
411	1999	0	2.45153916
412	2004	0	2.45750397
413	2009	0	2.46346879
414	2014	0	2.4694336
415	2019	0	2.47539842
416	2024	0	2.48136323
417	2029	0	2.48732805
418	2034	0	2.49329286
419	2039	0	2.49925768
420	2044	0	2.5052225
421	2049	0	2.51118731
422	2054	0	2.51715213
423	2060	0	2.52311694
424	2065	0	2.52908176
425	2070	0	2.53504657
426	2075	0	2.54101139
427	2081	0	2.5469762
428	2086	0	2.55294102
429	2091	0	2.55890584
430	2096	0	2.56487065
431	2101	0	2.57083547
432	2106	0	2.57680028
