Iteration	CPUTime	PhysTime	Travels	Value	AvValue	MinValue	MaxValue	Delta	Criteria	Progress	dGMaxMin	CriteriaType	CriteriaVarType	CriteriaPercentage
1	12	0	0.00596481547	293.199832	293.199832	293.199832	293.199832	0	0	0	0	0.359655	0	0	3
2	18	0	0.0119296309	293.199806	293.199819	293.199806	293.199832	1.28519891e-05	0	0	0	0.357348	0	0	3
3	22	0	0.0178944464	293.199804	293.199814	293.199804	293.199832	1.78635923e-05	0	0	0	0.355742	0	0	3
4	26	0	0.0238592619	293.1998	293.19981	293.1998	293.199832	2.1220828e-05	0	0	0	0.349909	0	0	3
5	34	0	0.0298240773	293.199796	293.199808	293.199796	293.199832	2.40413725e-05	0	0	0	0.345533	0	0	3
6	39	0	0.0357888928	293.199789	293.199804	293.199789	293.199832	2.71870992e-05	0	0	0	0.33956	0	0	3
7	43	0	0.0417537083	293.199779	293.199801	293.199779	293.199832	3.08174277e-05	0	0	0	0.389752	0	0	3
8	48	0	0.0477185237	293.199769	293.199797	293.199769	293.199832	3.48154794e-05	0	0	0	0.410916	0	0	3
9	52	0	0.0536833392	293.199758	293.199792	293.199758	293.199832	3.90632466e-05	0	0	0	0.391151	0	0	3
10	56	0	0.0596481547	293.199748	293.199788	293.199748	293.199832	4.34691874e-05	0	0	0	0.371662	0	0	3
11	60	0	0.0656129701	293.199736	293.199783	293.199736	293.199832	4.81632481e-05	0	0	0	0.338183	0	0	3
12	64	0	0.0715777856	293.199725	293.199778	293.199725	293.199832	5.30635078e-05	0	0	0	0.338758	0	0	3
13	69	0	0.0775426011	293.199713	293.199773	293.199713	293.199832	5.80815891e-05	0	0	0	0.339393	0	0	3
14	73	0	0.0835074165	293.199703	293.199768	293.199703	293.199832	6.3130477e-05	0	0	0	0.340055	0	0	3
15	78	0	0.089472232	293.199693	293.199763	293.199693	293.199832	6.81507381e-05	0	0	0	0.343226	0	0	3
16	82	0	0.0954370475	293.199679	293.199758	293.199679	293.199832	7.34096427e-05	0	0	0	0.347733	0	0	3
17	87	0	0.101401863	293.199667	293.199753	293.199667	293.199832	7.87879857e-05	0	0	0	0.350842	0	0	3
18	91	0	0.107366678	293.199655	293.199747	293.199655	293.199832	8.42159338e-05	0	0	0	0.353969	0	0	3
19	96	0	0.113331494	293.199644	293.199742	293.199644	293.199832	8.96602987e-05	0	0	0	0.355627	0	0	3
20	100	0	0.119296309	293.199633	293.199736	293.199633	293.199832	9.51027928e-05	0	0	0	0.357477	0	0	3
21	104	0	0.125261125	293.199617	293.199731	293.199617	293.199832	0.000100780762	0	0	0	0.359448	0	0	3
22	109	0	0.13122594	293.199602	293.199725	293.199602	293.199832	0.000106639646	0	0	0	0.363109	0	0	3
23	113	0	0.137190756	293.199586	293.199719	293.199586	293.199832	0.00011266004	0	0	0	0.3649	0	0	3
24	117	0	0.143155571	293.199571	293.199713	293.199571	293.199832	0.000118832697	0	0	0	0.366839	0	0	3
25	121	0	0.149120387	293.199555	293.199706	293.199555	293.199832	0.000125147759	0	0	0	0.367796	0	0	3
26	126	0	0.155085202	293.199531	293.1997	293.199531	293.199832	0.000131904516	0	0	0	0.37007	0	0	3
27	130	0	0.161050018	293.199507	293.199693	293.199507	293.199832	0.000139041067	0	0	0	0.370064	0	0	3
28	135	0	0.167014833	293.199484	293.199685	293.199484	293.199832	0.000146505106	0	0	0	0.37095	0	0	3
29	139	0	0.172979649	293.199459	293.199677	293.199459	293.199832	0.000154283106	0	0	0	0.37018	0	0	3
30	143	0	0.178944464	293.199435	293.199669	293.199435	293.199832	0.000162371224	0	0	0	0.37061	0	0	3
31	148	0	0.184909279	293.199398	293.19966	293.199398	293.199832	0.000171123213	0	0	0	0.369353	0	0	3
32	152	0	0.190874095	293.199362	293.199651	293.199362	293.199832	0.000180444454	0	0	0	0.370012	0	0	3
33	156	0	0.19683891	293.199328	293.199641	293.199328	293.199832	0.000190232744	0	0	0	0.36838	0	0	3
34	160	0	0.202803726	293.199298	293.199631	293.199298	293.199832	0.000200340429	0	0	0	0.36904	0	0	3
35	164	0	0.208768541	293.199272	293.199621	293.199272	293.199832	0.000210616404	0	0	0	0.367383	0	0	3
36	169	0	0.214733357	293.199244	293.19961	293.199244	293.199832	0.000221073458	0	0	0	0.368199	0	0	3
37	173	0	0.220698172	293.19923	293.1996	293.19923	293.199832	0.000231357979	0	0	0	0.365736	0	0	3
38	178	0	0.226662988	293.199224	293.19959	293.199224	293.199832	0.000241255357	0	0	0	0.366472	0	0	3
39	182	0	0.232627803	293.199225	293.199581	293.199224	293.199832	0.000250617235	0	0	0	0.363762	0	0	3
40	186	0	0.238592619	293.199228	293.199572	293.199224	293.199832	0.000259431334	0	0	0	0.364876	0	0	3
41	191	0	0.244557434	293.199235	293.199564	293.199224	293.199832	0.000267657543	0	0	0	0.362505	0	0	3
42	195	0	0.25052225	293.19924	293.199556	293.199224	293.199832	0.000275359125	0	0	0	0.364483	0	0	3
43	200	0	0.256487065	293.199244	293.199549	293.199224	293.199832	0.000282611416	0	0	0	0.362519	0	0	3
44	205	0	0.262451881	293.199247	293.199542	293.199224	293.199832	0.000289475474	0	0	0	0.364748	0	0	3
45	209	0	0.268416696	293.199248	293.199536	293.199224	293.199832	0.000296004726	0	0	0	0.362671	0	0	3
46	213	0	0.274381511	293.19925	293.199529	293.199224	293.199832	0.000302205565	0	0	0	0.364544	0	0	3
47	218	0	0.280346327	293.199252	293.199523	293.199224	293.199832	0.000308116949	0	0	0	0.362155	0	0	3
48	222	0	0.286311142	293.199253	293.199518	293.199224	293.199832	0.000313748456	0	0	0	0.363769	0	0	3
49	227	0	0.292275958	293.199255	293.199512	293.199224	293.199832	0.000319118677	0	0	0	0.361122	0	0	3
50	293	0	0.298240773	293.199257	293.199507	293.199224	293.199832	0.000324220133	0	0	0	0.362383	0	0	3
51	298	0	0.304205589	293.199261	293.199502	293.199224	293.199832	0.000329047945	0	0	0	0.35979	0	0	3
52	307	0	0.310170404	293.199265	293.199498	293.199224	293.199832	0.000333622799	0	0	0	0.361523	0	0	3
53	312	0	0.31613522	293.199267	293.199494	293.199224	293.199832	0.000337984516	0	0	0	0.359209	0	0	3
54	317	0	0.322100035	293.199268	293.199489	293.199224	293.199832	0.000342154178	0	0	0	0.360867	0	0	3
55	321	0	0.328064851	293.199269	293.199485	293.199224	293.199832	0.000346162997	0	0	0	0.358551	0	0	3
56	326	0	0.334029666	293.19927	293.199482	293.199224	293.199832	0.000350014694	0	0	0	0.360349	0	0	3
57	331	0	0.339994482	293.19927	293.199478	293.199224	293.199832	0.000353731597	0	0	0	0.358366	0	0	3
58	335	0	0.345959297	293.199269	293.199474	293.199224	293.199832	0.000357331014	0	0	0	0.376178	0	0	3
59	340	0	0.351924113	293.19927	293.199471	293.199224	293.199832	0.000360792148	0	0	0	0.358728	0	0	3
60	344	0	0.357888928	293.19927	293.199467	293.199224	293.199832	0.000364144089	0	0	0	0.382607	0	0	3
61	349	0	0.363853743	293.199267	293.199464	293.199224	293.199832	0.000367422033	0	0	0	0.358875	0	0	3
62	353	0	0.369818559	293.199266	293.199461	293.199224	293.199832	0.00037062444	0	0	0	0.386864	0	0	3
63	358	0	0.375783374	293.199265	293.199458	293.199224	293.199832	0.000373733833	0	0	0	0.35862	0	0	3
64	362	0	0.38174819	293.199265	293.199455	293.199224	293.199832	0.000376739754	0	0	0	0.454569	0	0	3
65	366	0	0.387713005	293.199266	293.199452	293.199224	293.199832	0.000379647009	0	0	0	0.357983	0	0	3
66	370	0	0.393677821	293.199266	293.199449	293.199224	293.199832	0.000382466872	0	0	0	0.436032	0	0	3
67	374	0	0.399642636	293.199267	293.199446	293.199224	293.199832	0.000385189683	0	0	0	0.357771	0	0	3
68	378	0	0.405607452	293.199268	293.199444	293.199224	293.199832	0.000387812449	0	0	0	0.369891	0	0	3
69	383	0	0.411572267	293.199268	293.199441	293.199224	293.199832	0.000390361561	0	0	0	0.357675	0	0	3
70	387	0	0.417537083	293.199267	293.199439	293.199224	293.199832	0.000392845236	0	0	0	0.360066	0	0	3
71	392	0	0.423501898	293.199267	293.199436	293.199224	293.199832	0.000395270346	0	0	0	0.358673	0	0	3
72	396	0	0.429466714	293.199263	293.199434	293.199224	293.199832	0.000397670987	0	0	0	0.361396	0	0	3
73	400	0	0.435431529	293.199262	293.199432	293.199224	293.199832	0.000400019293	0	0	0	0.359975	0	0	3
74	404	0	0.441396345	293.199262	293.199429	293.199224	293.199832	0.000402308636	0	0	0	0.362401	0	0	3
75	408	0	0.44736116	293.199264	293.199427	293.199224	293.199832	0.000404514388	0	0	0	0.360727	0	0	3
76	412	0	0.453325975	293.199265	293.199425	293.199224	293.199832	0.000406646212	0	0	0	0.362842	0	0	3
77	416	0	0.459290791	293.199266	293.199423	293.199224	293.199832	0.000408706272	0	0	0	0.360837	0	0	3
78	421	0	0.465255606	293.199267	293.199421	293.199224	293.199832	0.000410705481	0	0	0	0.362635	0	0	3
79	426	0	0.471220422	293.199267	293.199419	293.199224	293.199832	0.000412653057	0	0	0	0.360507	0	0	3
80	431	0	0.477185237	293.199265	293.199417	293.199224	293.199832	0.000414580529	0	0	0	0.361811	0	0	3
81	435	0	0.483150053	293.199264	293.199415	293.199224	293.199832	0.000416463047	0	0	0	0.359721	0	0	3
82	440	0	0.489114868	293.199264	293.199413	293.199224	293.199832	0.000418299839	0	0	0	0.361457	0	0	3
83	445	0	0.495079684	293.199266	293.199411	293.199224	293.199832	0.000420074229	0	0	0	0.359479	0	0	3
84	449	0	0.501044499	293.199267	293.19941	293.199224	293.199832	0.00042179128	0	0	0	0.364484	0	0	3
85	454	0	0.507009315	293.199269	293.199403	293.199224	293.199806	0.000415631058	0	0	0	0.359792	0	0	3
86	458	0	0.51297413	293.199269	293.199397	293.199224	293.199804	0.000417006873	0	0	0	0.362316	0	0	3
87	463	0	0.518938946	293.199271	293.19939	293.199224	293.1998	0.000419996275	0	0	0	0.360915	0	0	3
88	467	0	0.524903761	293.199272	293.199384	293.199224	293.199796	0.000423460814	0	0	0	0.363083	0	0	3
89	472	0	0.530868577	293.199275	293.199378	293.199224	293.199789	0.000426524829	0	0	0	0.36153	0	0	3
90	476	0	0.536833392	293.199277	293.199372	293.199224	293.199779	0.000428989951	0	0	0	0.363501	0	0	3
91	481	0	0.542798207	293.199278	293.199366	293.199224	293.199769	0.000430959768	0	0	0	0.361648	0	0	3
92	485	0	0.548763023	293.199278	293.19936	293.199224	293.199758	0.000432559125	0	0	0	0.36334	0	0	3
93	490	0	0.554727838	293.199279	293.199354	293.199224	293.199748	0.000433861432	0	0	0	0.361212	0	0	3
94	494	0	0.560692654	293.199281	293.199349	293.199224	293.199736	0.000434726004	0	0	0	0.362537	0	0	3
95	499	0	0.566657469	293.199282	293.199343	293.199224	293.199725	0.000435234707	0	0	0	0.360077	0	0	3
96	503	0	0.572622285	293.199281	293.199338	293.199224	293.199713	0.000435492398	0	0	0	0.36135	0	0	3
97	508	0	0.5785871	293.19928	293.199333	293.199224	293.199703	0.000435603705	0	0	0	0.359227	0	0	3
98	512	0	0.584551916	293.199277	293.199328	293.199224	293.199693	0.000435653847	0	0	0	0.360715	0	0	3
99	517	0	0.590516731	293.199273	293.199323	293.199224	293.199679	0.000435392065	0	0	0	0.358461	0	0	3
100	521	0	0.596481547	293.19927	293.199318	293.199224	293.199667	0.000434891445	0	0	0	0.360833	0	0	3
101	528	0	0.602446362	293.199267	293.199313	293.199224	293.199655	0.000430967271	0	0	0	0.359329	0	0	3
102	533	0	0.608411178	293.199266	293.199308	293.199224	293.199644	0.000419799455	0	0	0	0.361892	0	0	3
103	538	0	0.614375993	293.199267	293.199304	293.199224	293.199633	0.00040894814	0	0	0	0.360206	0	0	3
104	542	0	0.620340808	293.199267	293.1993	293.199224	293.199617	0.000393118173	0	0	0	0.36241	0	0	3
105	547	0	0.626305624	293.199267	293.199295	293.199224	293.199602	0.000377782105	0	0	0	0.360646	0	0	3
106	551	0	0.632270439	293.199268	293.199291	293.199224	293.199586	0.00036234962	0	0	0	0.362588	0	0	3
107	556	0	0.638235255	293.199268	293.199288	293.199224	293.199571	0.000346654514	0	0	0	0.360638	0	0	3
108	560	0	0.64420007	293.199267	293.199284	293.199224	293.199555	0.00033074908	0	0	0	0.362406	0	0	3
109	565	0	0.650164886	293.199265	293.199281	293.199224	293.199531	0.000306634891	0	0	0	0.360051	0	0	3
110	569	0	0.656129701	293.199264	293.199277	293.199224	293.199507	0.000282866915	0	0	0	0.361729	0	0	3
111	574	0	0.662094517	293.199264	293.199275	293.199224	293.199484	0.000259424166	0	0	0	0.359256	0	0	3
112	579	0	0.668059332	293.199261	293.199272	293.199224	293.199459	0.000235391221	0	0	0	0.361009	0	0	3
113	583	0	0.674024148	293.199259	293.19927	293.199224	293.199435	0.000210531678	0	0	0	0.358916	0	0	3
114	588	0	0.679988963	293.199259	293.199267	293.199224	293.199398	0.00017377544	0	0	0	0.36084	0	0	3
115	592	0	0.685953779	293.199261	293.199266	293.199224	293.199362	0.000138055402	0	0	0	0.358747	0	0	3
116	597	0	0.691918594	293.199263	293.199265	293.199224	293.199328	0.00010400029	0	0	0	0.361579	0	0	3
117	602	0	0.69788341	293.199263	293.199264	293.199224	293.199298	7.35642698e-05	0	0	0	0.360058	0	0	3
118	606	0	0.703848225	293.199263	293.199263	293.199224	293.199282	5.80015415e-05	0	0	0	0.362767	0	0	3
119	611	0	0.70981304	293.199266	293.199263	293.199224	293.199282	5.80015415e-05	0	0	0	0.360946	0	0	3
120	615	0	0.715777856	293.199268	293.199264	293.199224	293.199282	5.80015415e-05	0	0	0	0.363184	0	0	3
121	620	0	0.721742671	293.19927	293.199264	293.199224	293.199282	5.80015415e-05	0	0	0	0.361249	0	0	3
122	625	0	0.727707487	293.199271	293.199265	293.199225	293.199282	5.69118384e-05	0	0	0	0.36318	0	0	3
123	629	0	0.733672302	293.199271	293.199265	293.199228	293.199282	5.3724423e-05	0	0	0	0.360816	0	0	3
124	634	0	0.739637118	293.199268	293.199266	293.199235	293.199282	4.72490962e-05	0	0	0	0.362628	0	0	3
125	638	0	0.745601933	293.199264	293.199266	293.19924	293.199282	4.16671997e-05	0	0	0	0.359959	0	0	3
126	643	0	0.751566749	293.199263	293.199266	293.199244	293.199282	3.7750889e-05	0	0	0	0.361559	0	0	3
127	648	0	0.757531564	293.199263	293.199267	293.199247	293.199282	3.51731615e-05	0	0	0	0.359193	0	0	3
128	652	0	0.76349638	293.199262	293.199267	293.199248	293.199282	3.38350256e-05	0	0	0	0.361344	0	0	3
129	657	0	0.769461195	293.199262	293.199267	293.19925	293.199282	3.17865473e-05	0	0	0	0.359203	0	0	3
130	661	0	0.775426011	293.199264	293.199267	293.199252	293.199282	3.05838303e-05	0	0	0	0.361542	0	0	3
131	666	0	0.781390826	293.199264	293.199267	293.199253	293.199282	2.89725227e-05	0	0	0	0.359729	0	0	3
132	670	0	0.787355642	293.199266	293.199267	293.199255	293.199282	2.74324839e-05	0	0	0	0.362369	0	0	3
133	675	0	0.793320457	293.199267	293.199268	293.199257	293.199282	2.47347273e-05	0	0	0	0.360493	0	0	3
134	679	0	0.799285272	293.199268	293.199268	293.199259	293.199282	2.31156702e-05	0	0	0	0.362684	0	0	3
135	684	0	0.805250088	293.19927	293.199268	293.199259	293.199282	2.31156702e-05	0	0	0	0.360387	0	0	3
136	689	0	0.811214903	293.199271	293.199268	293.199259	293.199282	2.31156702e-05	0	0	0	0.36232	0	0	3
137	693	0	0.817179719	293.199272	293.199268	293.199259	293.199282	2.31156702e-05	0	0	0	0.35983	0	0	3
138	698	0	0.823144534	293.199271	293.199268	293.199259	293.199282	2.31156702e-05	0	0	0	0.361641	0	0	3
139	702	0	0.82910935	293.19927	293.199268	293.199259	293.199282	2.31156702e-05	0	0	0	0.359056	0	0	3
140	707	0	0.835074165	293.19927	293.199268	293.199259	293.199282	2.31156702e-05	0	0	0	0.360439	0	0	3
141	712	0	0.841038981	293.199269	293.199268	293.199259	293.199282	2.31156702e-05	0	0	0	0.357805	0	0	3
142	716	0	0.847003796	293.199268	293.199268	293.199259	293.199282	2.31156702e-05	0	0	0	0.359545	0	0	3
143	721	0	0.852968612	293.199267	293.199268	293.199259	293.199282	2.31156702e-05	0	0	0	0.357163	0	0	3
144	726	0	0.858933427	293.199265	293.199268	293.199259	293.199282	2.31156702e-05	0	0	0	0.359158	0	0	3
145	730	0	0.864898243	293.199264	293.199268	293.199259	293.199282	2.31156702e-05	0	0	0	0.356964	0	0	3
146	735	0	0.870863058	293.199263	293.199268	293.199259	293.199282	2.31156702e-05	0	0	0	0.35898	0	0	3
147	740	0	0.876827874	293.199261	293.199268	293.199259	293.199282	2.31156702e-05	0	0	0	0.356901	0	0	3
148	744	0	0.882792689	293.199259	293.199268	293.199259	293.199282	2.31156702e-05	0	0	0	0.358954	0	0	3
149	749	0	0.888757504	293.199258	293.199268	293.199258	293.199282	2.37977524e-05	0	0	0	0.35654	0	0	3
150	753	0	0.89472232	293.199258	293.199267	293.199258	293.199282	2.38842399e-05	0	0	0	0.358224	0	0	3
151	758	0	0.900687135	293.199256	293.199267	293.199256	293.199282	2.58319417e-05	0	0	0	0.355844	0	0	3
152	762	0	0.906651951	293.199255	293.199267	293.199255	293.199282	2.7574083e-05	0	0	0	0.357461	0	0	3
153	767	0	0.912616766	293.199254	293.199267	293.199254	293.199282	2.79360226e-05	0	0	0	0.355072	0	0	3
154	771	0	0.918581582	293.199256	293.199267	293.199254	293.199282	2.79360226e-05	0	0	0	0.356825	0	0	3
155	776	0	0.924546397	293.199257	293.199267	293.199254	293.199282	2.79360226e-05	0	0	0	0.354455	0	0	3
156	781	0	0.930511213	293.199258	293.199267	293.199254	293.199282	2.79360226e-05	0	0	0	0.356336	0	0	3
157	785	0	0.936476028	293.199261	293.199267	293.199254	293.199282	2.79360226e-05	0	0	0	0.353797	0	0	3
158	790	0	0.942440844	293.199262	293.199267	293.199254	293.199282	2.79360226e-05	0	0	0	0.355555	0	0	3
159	795	0	0.948405659	293.199265	293.199267	293.199254	293.199282	2.79360226e-05	0	0	0	0.353357	0	0	3
160	799	0	0.954370475	293.199265	293.199267	293.199254	293.199282	2.79360226e-05	0	0	0	0.355705	0	0	3
161	804	0	0.96033529	293.199266	293.199267	293.199254	293.199282	2.79360226e-05	0	0	0	0.353953	0	0	3
162	809	0	0.966300106	293.199267	293.199267	293.199254	293.199282	2.79360226e-05	0	0	0	0.356518	0	0	3
163	813	0	0.972264921	293.199268	293.199267	293.199254	293.199282	2.79360226e-05	0	0	0	0.354867	0	0	3
164	818	0	0.978229736	293.199266	293.199267	293.199254	293.199282	2.79360226e-05	0	0	0	0.357381	0	0	3
165	822	0	0.984194552	293.199265	293.199267	293.199254	293.199282	2.79360226e-05	0	0	0	0.355516	0	0	3
166	827	0	0.990159367	293.199265	293.199267	293.199254	293.199282	2.79360226e-05	0	0	0	0.357686	0	0	3
167	831	0	0.996124183	293.199264	293.199267	293.199254	293.199282	2.79360226e-05	0	0	0	0.355574	0	0	3
168	836	0	1.002089	293.199264	293.199267	293.199254	293.199282	2.79360226e-05	1.73871457e-05	0	0	0.357526	0	0	3
169	841	0	1.00805381	293.199265	293.199267	293.199254	293.199282	2.79360226e-05	1.73871457e-05	0	0	0.355582	0	0	3
170	846	0	1.01401863	293.199267	293.199267	293.199254	293.199282	2.79360226e-05	1.73871457e-05	0	0	0.357735	0	0	3
171	850	0	1.01998344	293.199268	293.199267	293.199254	293.199282	2.79360226e-05	1.73871457e-05	0	0	0.355871	0	0	3
172	855	0	1.02594826	293.19927	293.199267	293.199254	293.199282	2.79360226e-05	1.73871457e-05	0	0	0.358067	0	0	3
173	859	0	1.03191308	293.199271	293.199266	293.199254	293.199282	2.79360226e-05	1.73871457e-05	0	0	0.356225	0	0	3
174	864	0	1.03787789	293.199269	293.199266	293.199254	293.199282	2.79360226e-05	1.73871457e-05	0	0	0.358845	0	0	3
175	869	0	1.04384271	293.199267	293.199266	293.199254	293.199282	2.79360226e-05	1.73871457e-05	0	0	0.357705	0	0	3
176	873	0	1.04980752	293.199265	293.199266	293.199254	293.199282	2.79360226e-05	1.73871457e-05	0	0	0.360712	0	0	3
177	878	0	1.05577234	293.199263	293.199266	293.199254	293.199282	2.79360226e-05	1.73871457e-05	0	0	0.359501	0	0	3
178	883	0	1.06173715	293.199263	293.199266	293.199254	293.199282	2.79360226e-05	1.73871457e-05	0	0	0.361846	0	0	3
179	888	0	1.06770197	293.199262	293.199265	293.199254	293.199281	2.72616367e-05	1.73871457e-05	0	0	0.360279	0	0	3
180	892	0	1.07366678	293.199264	293.199265	293.199254	293.19928	2.56377946e-05	1.73871457e-05	0	0	0.362472	0	0	3
181	897	0	1.0796316	293.199268	293.199265	293.199254	293.199277	2.27129584e-05	1.73871457e-05	0	0	0.360529	0	0	3
182	901	0	1.08559641	293.199271	293.199265	293.199254	293.199273	1.92000745e-05	1.73871457e-05	0	0	0.362238	0	0	3
183	906	0	1.09156123	293.199272	293.199265	293.199254	293.199272	1.81556513e-05	1.73871457e-05	0	0	0.360128	0	0	3
184	911	0	1.09752605	293.199274	293.199265	293.199254	293.199274	2.00687805e-05	1.73871457e-05	0	0	0.361313	0	0	3
185	915	0	1.10349086	293.199274	293.199265	293.199254	293.199274	2.02223787e-05	1.73871457e-05	0	0	0.360052	0	0	3
186	920	0	1.10945568	293.199274	293.199265	293.199254	293.199274	2.02223787e-05	1.73871457e-05	0	0	0.359926	0	0	3
187	925	0	1.11542049	293.199271	293.199265	293.199254	293.199274	2.02223787e-05	1.73871457e-05	0	0	0.36069	0	0	3
188	929	0	1.12138531	293.199269	293.199265	293.199254	293.199274	2.02223787e-05	1.73871457e-05	0	0	0.359373	0	0	3
189	934	0	1.12735012	293.199265	293.199265	293.199254	293.199274	2.02223787e-05	1.73871457e-05	0	0	0.357151	0	0	3
190	939	0	1.13331494	293.199261	293.199265	293.199254	293.199274	2.02223787e-05	1.73871457e-05	0	0	0.359317	0	0	3
191	944	0	1.13927975	293.199256	293.199265	293.199254	293.199274	2.02223787e-05	1.73871457e-05	0	0	0.357587	0	0	3
192	948	0	1.14524457	293.199252	293.199265	293.199252	293.199274	1.72474362e-05	1.73871457e-05	0	0	0.359947	0	0	3
193	953	0	1.15120938	293.19925	293.199265	293.19925	293.199274	1.4072839e-05	1.73871457e-05	0	0	0.358163	0	0	3
194	957	0	1.1571742	293.19925	293.199265	293.19925	293.199274	1.11762688e-05	1.73871457e-05	0	0	0.360509	0	0	3
195	962	0	1.16313902	293.199249	293.199264	293.199249	293.199274	8.52840628e-06	1.73871457e-05	0	0	0.358714	0	0	3
196	967	0	1.16910383	293.19925	293.199264	293.199249	293.199274	6.14512129e-06	1.73871457e-05	0	0	0.36103	0	0	3
197	971	0	1.17506865	293.199252	293.199264	293.199249	293.199274	4.52525063e-06	1.73871457e-05	0	0	0.358996	0	0	3
198	976	0	1.18103346	293.199254	293.199264	293.199249	293.199274	4.52525063e-06	1.73871457e-05	0	0	0.360902	0	0	3
199	980	0	1.18699828	293.199254	293.199264	293.199249	293.199274	4.52525063e-06	1.73871457e-05	0	0	0.358781	0	0	3
200	985	0	1.19296309	293.199257	293.199264	293.199249	293.199274	4.52525063e-06	1.73871457e-05	0	0	0.360555	0	0	3
201	991	0	1.19892791	293.199258	293.199264	293.199249	293.199274	4.52525063e-06	1.73871457e-05	0	0	0.358031	0	0	3
202	996	0	1.20489272	293.19926	293.199264	293.199249	293.199274	4.52525063e-06	1.73871457e-05	0	0	0.359978	0	0	3
203	1000	0	1.21085754	293.19926	293.199264	293.199249	293.199274	4.24106605e-06	1.73871457e-05	0	0	0.357895	0	0	3
204	1005	0	1.21682236	293.199258	293.199264	293.199249	293.199274	4.27147961e-06	1.73871457e-05	0	0	0.359856	0	0	3
205	1009	0	1.22278717	293.199256	293.199263	293.199249	293.199274	4.43047338e-06	1.73871457e-05	0	0	0.358093	0	0	3
206	1013	0	1.22875199	293.199257	293.199263	293.199249	293.199274	4.59749128e-06	1.73871457e-05	0	0	0.360809	0	0	3
207	1018	0	1.2347168	293.199257	293.199263	293.199249	293.199274	4.760406e-06	1.73871457e-05	0	0	0.359456	0	0	3
208	1022	0	1.24068162	293.199259	293.199263	293.199249	293.199274	4.86846784e-06	1.73871457e-05	0	0	0.361698	0	0	3
209	1027	0	1.24664643	293.199262	293.199263	293.199249	293.199274	4.89672368e-06	1.73871457e-05	0	0	0.360451	0	0	3
210	1031	0	1.25261125	293.199265	293.199263	293.199249	293.199274	4.89672368e-06	1.73871457e-05	0	0	0.362839	0	0	3
211	1036	0	1.25857606	293.199265	293.199263	293.199249	293.199274	4.89672368e-06	1.73871457e-05	0	0	0.361166	0	0	3
212	1040	0	1.26454088	293.199267	293.199263	293.199249	293.199274	4.89672368e-06	1.73871457e-05	0	0	0.363262	0	0	3
213	1044	0	1.27050569	293.199269	293.199263	293.199249	293.199274	4.89672368e-06	1.73871457e-05	0	0	0.36091	0	0	3
214	1049	0	1.27647051	293.199269	293.199263	293.199249	293.199274	4.89672368e-06	1.73871457e-05	0	0	0.362741	0	0	3
215	1053	0	1.28243533	293.19927	293.199263	293.199249	293.199274	4.89672368e-06	1.73871457e-05	0	0	0.360177	0	0	3
216	1058	0	1.28840014	293.19927	293.199263	293.199249	293.199274	4.89672368e-06	1.73871457e-05	0	0	0.361884	0	0	3
217	1062	0	1.29436496	293.199269	293.199263	293.199249	293.199274	4.89672368e-06	1.73871457e-05	0	0	0.359559	0	0	3
218	1067	0	1.30032977	293.199268	293.199263	293.199249	293.199274	4.89672368e-06	1.73871457e-05	0	0	0.361481	0	0	3
219	1071	0	1.30629459	293.199268	293.199263	293.199249	293.199274	4.89672368e-06	1.73871457e-05	0	0	0.359169	0	0	3
220	1075	0	1.3122594	293.199269	293.199263	293.199249	293.199274	4.89672368e-06	1.73871457e-05	0	0	0.361436	0	0	3
221	1080	0	1.31822422	293.199271	293.199263	293.199249	293.199274	4.89672368e-06	1.73871457e-05	0	0	0.359985	0	0	3
222	1084	0	1.32418903	293.199271	293.199263	293.199249	293.199274	4.89672368e-06	1.73871457e-05	0	0	0.362763	0	0	3
223	1088	0	1.33015385	293.199273	293.199263	293.199249	293.199274	4.89621766e-06	1.73871457e-05	0	0	0.36117	0	0	3
224	1093	0	1.33611866	293.199273	293.199263	293.199249	293.199274	4.88714755e-06	1.73871457e-05	0	0	0.363605	0	0	3
225	1097	0	1.34208348	293.199272	293.199263	293.199249	293.199274	4.87106428e-06	1.73871457e-05	0	0	0.361638	0	0	3
226	1102	0	1.3480483	293.19927	293.199263	293.199249	293.199274	4.83325641e-06	1.73871457e-05	0	0	0.363618	0	0	3
227	1106	0	1.35401311	293.199269	293.199264	293.199249	293.199274	4.77906985e-06	1.73871457e-05	0	0	0.361267	0	0	3
228	1110	0	1.35997793	293.19927	293.199264	293.199249	293.199274	4.74290323e-06	1.73871457e-05	0	0	0.362944	0	0	3
229	1115	0	1.36594274	293.19927	293.199264	293.199249	293.199274	4.71820272e-06	1.73871457e-05	0	0	0.360337	0	0	3
230	1119	0	1.37190756	293.199269	293.199264	293.199249	293.199274	4.67338623e-06	1.73871457e-05	0	0	0.361867	0	0	3
231	1124	0	1.37787237	293.199265	293.199264	293.199249	293.199274	4.5975612e-06	1.73871457e-05	0	0	0.359231	0	0	3
232	1128	0	1.38383719	293.19926	293.199264	293.199249	293.199274	4.50776133e-06	1.73871457e-05	0	0	0.360955	0	0	3
233	1133	0	1.389802	293.199259	293.199264	293.199249	293.199274	4.41748665e-06	1.73871457e-05	0	0	0.358341	0	0	3
234	1137	0	1.39576682	293.199259	293.199264	293.199249	293.199274	4.29375399e-06	1.73871457e-05	0	0	0.359952	0	0	3
235	1142	0	1.40173163	293.19926	293.199264	293.199249	293.199274	4.13312256e-06	1.73871457e-05	0	0	0.357544	0	0	3
236	1146	0	1.40769645	293.199259	293.199264	293.199249	293.199274	3.97012644e-06	1.73871457e-05	0	0	0.359602	0	0	3
237	1151	0	1.41366127	293.199256	293.199264	293.199249	293.199274	3.8305285e-06	1.73871457e-05	0	0	0.357632	0	0	3
238	1156	0	1.41962608	293.199254	293.199264	293.199249	293.199274	3.71793692e-06	1.73871457e-05	0	0	0.359829	0	0	3
239	1160	0	1.4255909	293.199254	293.199264	293.199249	293.199274	3.69194106e-06	1.73871457e-05	0	0	0.357761	0	0	3
240	1165	0	1.43155571	293.199253	293.199264	293.199249	293.199274	3.69194106e-06	1.73871457e-05	0	0	0.359818	0	0	3
241	1170	0	1.43752053	293.199253	293.199264	293.199249	293.199274	3.69194106e-06	1.73871457e-05	0	0	0.357969	0	0	3
242	1174	0	1.44348534	293.199252	293.199264	293.199249	293.199274	3.69194106e-06	1.73871457e-05	0	0	0.360176	0	0	3
243	1179	0	1.44945016	293.199253	293.199263	293.199249	293.199274	3.69194106e-06	1.73871457e-05	0	0	0.358217	0	0	3
244	1184	0	1.45541497	293.199252	293.199263	293.199249	293.199274	3.69194106e-06	1.73871457e-05	0	0	0.360066	0	0	3
245	1189	0	1.46137979	293.199254	293.199263	293.199249	293.199274	3.69194106e-06	1.73871457e-05	0	0	0.357735	0	0	3
246	1193	0	1.4673446	293.199257	293.199263	293.199249	293.199274	3.69194106e-06	1.73871457e-05	0	0	0.359569	0	0	3
247	1198	0	1.47330942	293.199259	293.199263	293.199249	293.199274	3.78847255e-06	1.73871457e-05	0	0	0.357318	0	0	3
248	1203	0	1.47927424	293.199259	293.199263	293.199249	293.199274	3.87667541e-06	1.73871457e-05	0	0	0.359202	0	0	3
249	1207	0	1.48523905	293.199261	293.199263	293.199249	293.199274	3.92596479e-06	1.73871457e-05	0	0	0.357073	0	0	3
250	1212	0	1.49120387	293.199263	293.199263	293.199249	293.199274	3.91971167e-06	1.73871457e-05	0	0	0.359111	0	0	3
251	1217	0	1.49716868	293.199264	293.199263	293.199249	293.199274	3.88652512e-06	1.73871457e-05	0	0	0.357466	0	0	3
252	1222	0	1.5031335	293.199266	293.199263	293.199249	293.199274	3.83582034e-06	1.73871457e-05	0	0	0.360252	0	0	3
253	1226	0	1.50909831	293.199268	293.199263	293.199249	293.199274	3.81280307e-06	1.73871457e-05	0	0	0.358974	0	0	3
254	1231	0	1.51506313	293.199268	293.199263	293.199249	293.199274	3.78070536e-06	1.73871457e-05	0	0	0.361594	0	0	3
255	1236	0	1.52102794	293.199268	293.199263	293.199249	293.199274	3.74799015e-06	1.73871457e-05	0	0	0.359848	0	0	3
256	1240	0	1.52699276	293.199268	293.199263	293.199249	293.199274	3.70554744e-06	1.73871457e-05	0	0	0.362071	0	0	3
257	1245	0	1.53295757	293.199266	293.199263	293.199249	293.199274	3.62220629e-06	1.73871457e-05	0	0	0.360346	0	0	3
258	1250	0	1.53892239	293.199265	293.199263	293.199249	293.199274	3.53905125e-06	1.73871457e-05	0	0	0.362257	0	0	3
259	1255	0	1.54488721	293.199264	293.199263	293.199249	293.199274	3.41736336e-06	1.73871457e-05	0	0	0.360258	0	0	3
260	1259	0	1.55085202	293.199264	293.199263	293.199249	293.199274	3.23895455e-06	1.73871457e-05	0	0	0.361967	0	0	3
261	1264	0	1.55681684	293.199265	293.199263	293.199249	293.199274	3.01293488e-06	1.73871457e-05	0	0	0.359763	0	0	3
262	1269	0	1.56278165	293.199266	293.199263	293.199249	293.199274	2.77206118e-06	1.73871457e-05	0	0	0.36095	0	0	3
263	1274	0	1.56874647	293.199267	293.199263	293.199249	293.199274	2.64235916e-06	1.73871457e-05	0	0	0.3585	0	0	3
264	1278	0	1.57471128	293.199268	293.199263	293.199249	293.199274	2.64235916e-06	1.73871457e-05	0	0	0.359935	0	0	3
265	1283	0	1.5806761	293.199268	293.199263	293.199249	293.199274	2.64235916e-06	1.73871457e-05	0	0	0.358159	0	0	3
266	1288	0	1.58664091	293.199267	293.199263	293.199249	293.199274	2.64235916e-06	1.73871457e-05	0	0	0.360104	0	0	3
267	1292	0	1.59260573	293.199266	293.199263	293.199249	293.199274	2.64235916e-06	1.73871457e-05	0	0	0.358338	0	0	3
268	1297	0	1.59857054	293.199265	293.199263	293.199249	293.199274	2.69660848e-06	1.73871457e-05	0	0	0.360618	0	0	3
269	1302	0	1.60453536	293.199263	293.199262	293.199249	293.199274	2.83163394e-06	1.73871457e-05	0	0	0.359193	0	0	3
270	1306	0	1.61050018	293.199262	293.199262	293.199249	293.199273	2.97589611e-06	1.73871457e-05	0	0	0.361411	0	0	3
271	1311	0	1.61646499	293.199262	293.199262	293.199249	293.199273	3.08458903e-06	1.73871457e-05	0	0	0.359768	0	0	3
272	1316	0	1.62242981	293.199266	293.199262	293.199249	293.199273	3.0940887e-06	1.73871457e-05	0	0	0.361963	0	0	3
273	1321	0	1.62839462	293.199266	293.199262	293.199249	293.199273	3.01818272e-06	1.73871457e-05	0	0	0.360255	0	0	3
274	1326	0	1.63435944	293.199267	293.199262	293.199249	293.199273	2.87890106e-06	1.73871457e-05	0	0	0.362231	0	0	3
275	1330	0	1.64032425	293.199268	293.199262	293.199249	293.199273	2.69937465e-06	1.73871457e-05	0	0	0.360294	0	0	3
276	1335	0	1.64628907	293.199269	293.199263	293.199249	293.199273	2.52112284e-06	1.73871457e-05	0	0	0.362096	0	0	3
277	1340	0	1.65225388	293.199269	293.199263	293.199249	293.199273	2.35133678e-06	1.73871457e-05	0	0	0.359883	0	0	3
278	1345	0	1.6582187	293.19927	293.199263	293.199249	293.199273	2.17615195e-06	1.73871457e-05	0	0	0.361448	0	0	3
279	1349	0	1.66418352	293.19927	293.199263	293.19925	293.199273	2.04503351e-06	1.73871457e-05	0	0	0.359262	0	0	3
280	1354	0	1.67014833	293.19927	293.199264	293.199252	293.199273	1.95245093e-06	1.73871457e-05	0	0	0.361109	0	0	3
281	1359	0	1.67611315	293.199269	293.199264	293.199252	293.199273	1.88801584e-06	1.73871457e-05	0	0	0.358761	0	0	3
282	1364	0	1.68207796	293.199268	293.199264	293.199252	293.199273	1.80720542e-06	1.73871457e-05	0	0	0.3605	0	0	3
283	1368	0	1.68804278	293.199265	293.199264	293.199252	293.199273	1.89548336e-06	1.73871457e-05	0	0	0.358697	0	0	3
284	1373	0	1.69400759	293.199263	293.199264	293.199252	293.199273	1.95865408e-06	1.73871457e-05	0	0	0.360969	0	0	3
285	1378	0	1.69997241	293.199261	293.199264	293.199252	293.199273	1.99753816e-06	1.73871457e-05	0	0	0.359189	0	0	3
286	1382	0	1.70593722	293.199261	293.199264	293.199252	293.199273	2.00650663e-06	1.73871457e-05	0	0	0.36134	0	0	3
287	1387	0	1.71190204	293.19926	293.199264	293.199252	293.199273	2.00650663e-06	1.73871457e-05	0	0	0.359209	0	0	3
288	1392	0	1.71786685	293.199259	293.199264	293.199252	293.199273	2.02032862e-06	1.73871457e-05	0	0	0.36108	0	0	3
289	1397	0	1.72383167	293.199261	293.199264	293.199252	293.199273	2.07607235e-06	1.73871457e-05	0	0	0.358704	0	0	3
290	1402	0	1.72979649	293.19926	293.199264	293.199252	293.199273	2.11991357e-06	1.73871457e-05	0	0	0.360262	0	0	3
291	1406	0	1.7357613	293.19926	293.199264	293.199252	293.199273	2.15587062e-06	1.73871457e-05	0	0	0.35766	0	0	3
292	1411	0	1.74172612	293.199259	293.199264	293.199252	293.199273	2.1598035e-06	1.73871457e-05	0	0	0.358956	0	0	3
293	1416	0	1.74769093	293.199259	293.199264	293.199252	293.199273	2.1598035e-06	1.73871457e-05	0	0	0.356422	0	0	3
294	1421	0	1.75365575	293.199256	293.199264	293.199252	293.199273	2.1598035e-06	1.73871457e-05	0	0	0.357826	0	0	3
295	1425	0	1.75962056	293.199253	293.199264	293.199252	293.199273	2.1598035e-06	1.73871457e-05	0	0	0.355588	0	0	3
296	1430	0	1.76558538	293.199251	293.199264	293.199251	293.199273	2.1598035e-06	1.73871457e-05	0	0	0.357255	0	0	3
297	1435	0	1.77155019	293.199253	293.199264	293.199251	293.199273	2.1598035e-06	1.73871457e-05	0	0	0.35501	0	0	3
298	1439	0	1.77751501	293.199254	293.199264	293.199251	293.199273	2.1598035e-06	1.73871457e-05	0	0	0.357003	0	0	3
299	1444	0	1.78347982	293.199255	293.199263	293.199251	293.199273	2.1598035e-06	1.73871457e-05	0	0	0.355339	0	0	3
300	1449	0	1.78944464	293.199256	293.199263	293.199251	293.199273	2.1598035e-06	1.73871457e-05	0	0	0.358084	0	0	3
301	1456	0	1.79540946	293.199258	293.199263	293.199251	293.199273	2.1598035e-06	1.73871457e-05	0	0	0.356547	0	0	3
302	1461	0	1.80137427	293.19926	293.199263	293.199251	293.199273	2.1598035e-06	1.73871457e-05	0	0	0.358992	0	0	3
303	1466	0	1.80733909	293.199261	293.199263	293.199251	293.199273	2.1598035e-06	1.73871457e-05	0	0	0.357497	0	0	3
304	1470	0	1.8133039	293.199262	293.199263	293.199251	293.199273	2.1598035e-06	1.73871457e-05	0	0	0.360052	0	0	3
305	1476	0	1.81926872	293.199263	293.199263	293.199251	293.199273	2.1598035e-06	1.73871457e-05	0	0	0.358327	0	0	3
306	1481	0	1.82523353	293.199263	293.199263	293.199251	293.199273	2.1598035e-06	1.73871457e-05	0	0	0.36051	0	0	3
307	1486	0	1.83119835	293.199261	293.199262	293.199251	293.199273	2.1598035e-06	1.73871457e-05	0	0	0.358436	0	0	3
308	1491	0	1.83716316	293.199259	293.199262	293.199251	293.199272	2.1598035e-06	1.73871457e-05	0	0	0.360358	0	0	3
309	1496	0	1.84312798	293.199258	293.199262	293.199251	293.19927	2.22318448e-06	1.73871457e-05	0	0	0.358029	0	0	3
310	1501	0	1.84909279	293.199257	293.199262	293.199251	293.19927	2.38117008e-06	1.73871457e-05	0	0	0.359945	0	0	3
311	1506	0	1.85505761	293.199256	293.199262	293.199251	293.19927	2.54458814e-06	1.73871457e-05	0	0	0.357883	0	0	3
312	1510	0	1.86102243	293.199255	293.199262	293.199251	293.19927	2.72307466e-06	1.73871457e-05	0	0	0.360078	0	0	3
313	1515	0	1.86698724	293.199256	293.199261	293.199251	293.19927	2.8914954e-06	1.73871457e-05	0	0	0.357826	0	0	3
314	1520	0	1.87295206	293.199257	293.199261	293.199251	293.19927	3.03143071e-06	1.73871457e-05	0	0	0.360068	0	0	3
315	1525	0	1.87891687	293.199259	293.199261	293.199251	293.19927	3.09959421e-06	1.73871457e-05	0	0	0.358377	0	0	3
316	1530	0	1.88488169	293.199262	293.199261	293.199251	293.19927	3.09959421e-06	1.73871457e-05	0	0	0.360675	0	0	3
317	1535	0	1.8908465	293.199264	293.199261	293.199251	293.19927	3.09959421e-06	1.73871457e-05	0	0	0.358679	0	0	3
318	1539	0	1.89681132	293.199266	293.199261	293.199251	293.19927	3.09959421e-06	1.73871457e-05	0	0	0.360975	0	0	3
319	1544	0	1.90277613	293.199265	293.199261	293.199251	293.19927	3.09959421e-06	1.73871457e-05	0	0	0.359056	0	0	3
320	1549	0	1.90874095	293.199264	293.199262	293.199251	293.19927	3.09959421e-06	1.73871457e-05	0	0	0.3611	0	0	3
321	1554	0	1.91470576	293.199263	293.199262	293.199251	293.19927	3.09959421e-06	1.73871457e-05	0	0	0.358825	0	0	3
322	1559	0	1.92067058	293.199264	293.199262	293.199251	293.19927	3.09959421e-06	1.73871457e-05	0	0	0.360637	0	0	3
323	1564	0	1.9266354	293.199265	293.199262	293.199251	293.19927	3.09959421e-06	1.73871457e-05	0	0	0.358153	0	0	3
324	1568	0	1.93260021	293.199267	293.199262	293.199251	293.19927	3.09959421e-06	1.73871457e-05	0	0	0.359481	0	0	3
325	1573	0	1.93856503	293.199267	293.199262	293.199251	293.19927	3.09959421e-06	1.73871457e-05	0	0	0.356919	0	0	3
326	1578	0	1.94452984	293.199268	293.199262	293.199251	293.19927	3.09959421e-06	1.73871457e-05	0	0	0.358517	0	0	3
327	1583	0	1.95049466	293.199269	293.199263	293.199251	293.19927	3.09959421e-06	1.73871457e-05	0	0	0.356097	0	0	3
328	1588	0	1.95645947	293.199268	293.199263	293.199251	293.19927	3.09959421e-06	1.73871457e-05	0	0	0.35786	0	0	3
329	1592	0	1.96242429	293.199267	293.199263	293.199251	293.19927	3.09959421e-06	1.73871457e-05	0	0	0.355384	0	0	3
330	1597	0	1.9683891	293.199266	293.199263	293.199251	293.19927	3.09959421e-06	1.73871457e-05	0	0	0.357185	0	0	3
331	1602	0	1.97435392	293.199265	293.199263	293.199251	293.19927	3.09959421e-06	1.73871457e-05	0	0	0.354744	0	0	3
332	1607	0	1.98031873	293.199264	293.199263	293.199251	293.19927	3.09959421e-06	1.73871457e-05	0	0	0.357014	0	0	3
333	1612	0	1.98628355	293.199263	293.199263	293.199251	293.19927	3.09959421e-06	1.73871457e-05	0	0	0.355137	0	0	3
334	1616	0	1.99224837	293.199261	293.199263	293.199251	293.19927	3.09959421e-06	1.73871457e-05	0	0	0.357184	0	0	3
335	1621	0	1.99821318	293.19926	293.199263	293.199251	293.19927	3.09959421e-06	1.73871457e-05	0	0	0.355266	0	0	3
336	1626	0	2.004178	293.19926	293.199263	293.199251	293.19927	3.09959421e-06	1.73871457e-05	0	0	0.357301	0	0	3
337	1631	0	2.01014281	293.199259	293.199263	293.199251	293.19927	3.09959421e-06	1.73871457e-05	0	0	0.355126	0	0	3
338	1636	0	2.01610763	293.199259	293.199263	293.199251	293.19927	3.09959421e-06	1.73871457e-05	0	0	0.357153	0	0	3
339	1640	0	2.02207244	293.199259	293.199263	293.199251	293.19927	3.09959421e-06	1.73871457e-05	0	0	0.354855	0	0	3
340	1645	0	2.02803726	293.19926	293.199263	293.199251	293.19927	3.09959421e-06	1.73871457e-05	0	0	0.356715	0	0	3
341	1650	0	2.03400207	293.199263	293.199263	293.199251	293.19927	3.09959421e-06	1.73871457e-05	0	0	0.3544	0	0	3
342	1655	0	2.03996689	293.199265	293.199263	293.199251	293.19927	3.09959421e-06	1.73871457e-05	0	0	0.356363	0	0	3
343	1660	0	2.0459317	293.199266	293.199263	293.199251	293.19927	3.09959421e-06	1.73871457e-05	0	0	0.354254	0	0	3
344	1665	0	2.05189652	293.199268	293.199263	293.199251	293.19927	3.09959421e-06	1.73871457e-05	0	0	0.356441	0	0	3
345	1670	0	2.05786134	293.199269	293.199263	293.199251	293.19927	3.09959421e-06	1.73871457e-05	0	0	0.354417	0	0	3
346	1675	0	2.06382615	293.199269	293.199263	293.199251	293.19927	3.09959421e-06	1.73871457e-05	0	0	0.357429	0	0	3
347	1680	0	2.06979097	293.199267	293.199263	293.199251	293.19927	3.09959421e-06	1.73871457e-05	0	0	0.356224	0	0	3
348	1685	0	2.07575578	293.199265	293.199263	293.199251	293.19927	3.09959421e-06	1.73871457e-05	0	0	0.358995	0	0	3
349	1690	0	2.0817206	293.199266	293.199263	293.199251	293.19927	3.09959421e-06	1.73871457e-05	0	0	0.357367	0	0	3
350	1694	0	2.08768541	293.199265	293.199263	293.199251	293.19927	3.09959421e-06	1.73871457e-05	0	0	0.359954	0	0	3
351	1699	0	2.09365023	293.199264	293.199263	293.199251	293.19927	3.09959421e-06	1.73871457e-05	0	0	0.358343	0	0	3
352	1704	0	2.09961504	293.199264	293.199263	293.199251	293.19927	3.09959421e-06	1.73871457e-05	0	0	0.360624	0	0	3
353	1709	0	2.10557986	293.199263	293.199263	293.199251	293.19927	3.09959421e-06	1.73871457e-05	0	0	0.358757	0	0	3
354	1715	0	2.11154468	293.199263	293.199263	293.199251	293.19927	3.09959421e-06	1.73871457e-05	0	0	0.360904	0	0	3
355	1720	0	2.11750949	293.199262	293.199263	293.199251	293.19927	3.09959421e-06	1.73871457e-05	0	0	0.358645	0	0	3
356	1724	0	2.12347431	293.199262	293.199263	293.199251	293.19927	3.09959421e-06	1.73871457e-05	0	0	0.360211	0	0	3
357	1729	0	2.12943912	293.199262	293.199262	293.199251	293.19927	3.09959421e-06	1.73871457e-05	0	0	0.357961	0	0	3
358	1734	0	2.13540394	293.199261	293.199262	293.199251	293.19927	3.09959421e-06	1.73871457e-05	0	0	0.359806	0	0	3
359	1739	0	2.14136875	293.19926	293.199262	293.199251	293.19927	3.09959421e-06	1.73871457e-05	0	0	0.358121	0	0	3
360	1744	0	2.14733357	293.19926	293.199262	293.199251	293.19927	3.09959421e-06	1.73871457e-05	0	0	0.36016	0	0	3
361	1749	0	2.15329838	293.19926	293.199262	293.199251	293.19927	3.09959421e-06	1.73871457e-05	0	0	0.358377	0	0	3
362	1754	0	2.1592632	293.199261	293.199262	293.199251	293.19927	3.09959421e-06	1.73871457e-05	0	0	0.36086	0	0	3
363	1758	0	2.16522801	293.199262	293.199262	293.199251	293.19927	3.09959421e-06	1.73871457e-05	0	0	0.359625	0	0	3
364	1763	0	2.17119283	293.199263	293.199262	293.199251	293.199269	3.09959421e-06	1.73871457e-05	0	0	0.362213	0	0	3
365	1768	0	2.17715765	293.199265	293.199262	293.199251	293.199269	3.09959421e-06	1.73871457e-05	0	0	0.361442	0	0	3
366	1773	0	2.18312246	293.199266	293.199262	293.199251	293.199269	3.09959421e-06	1.73871457e-05	0	0	0.364705	0	0	3
367	1778	0	2.18908728	293.199267	293.199262	293.199251	293.199269	3.09959421e-06	1.73871457e-05	0	0	0.363241	0	0	3
368	1783	0	2.19505209	293.199269	293.199262	293.199251	293.199269	3.09959421e-06	1.73871457e-05	0	0	0.367119	0	0	3
369	1788	0	2.20101691	293.199269	293.199262	293.199251	293.199269	3.09959421e-06	1.73871457e-05	0	0	0.361969	0	0	3
370	1792	0	2.20698172	293.199268	293.199262	293.199251	293.199269	3.09959421e-06	1.73871457e-05	0	0	0.368532	0	0	3
371	1797	0	2.21294654	293.199268	293.199262	293.199251	293.199269	3.09959421e-06	1.73871457e-05	0	0	0.361179	0	0	3
372	1802	0	2.21891135	293.199265	293.199262	293.199251	293.199269	3.09959421e-06	1.73871457e-05	0	0	0.46878	0	0	3
373	1807	0	2.22487617	293.199262	293.199262	293.199251	293.199269	3.09959421e-06	1.73871457e-05	0	0	0.359897	0	0	3
374	1812	0	2.23084098	293.199259	293.199262	293.199251	293.199269	3.09959421e-06	1.73871457e-05	0	0	0.385461	0	0	3
375	1817	0	2.2368058	293.199258	293.199262	293.199251	293.199269	3.09959421e-06	1.73871457e-05	0	0	0.358966	0	0	3
376	1822	0	2.24277062	293.199261	293.199262	293.199251	293.199269	3.06689191e-06	1.73871457e-05	0	0	0.413127	0	0	3
377	1827	0	2.24873543	293.199262	293.199262	293.199251	293.199269	2.96576673e-06	1.73871457e-05	0	0	0.358388	0	0	3
378	1831	0	2.25470025	293.199264	293.199262	293.199251	293.199269	2.81290943e-06	1.73871457e-05	0	0	0.38883	0	0	3
379	1836	0	2.26066506	293.199264	293.199262	293.199251	293.199269	2.62130595e-06	1.73871457e-05	0	0	0.35894	0	0	3
380	1841	0	2.26662988	293.199264	293.199263	293.199253	293.199269	2.43467548e-06	1.73871457e-05	0	0	0.361512	0	0	3
381	1846	0	2.27259469	293.199264	293.199263	293.199254	293.199269	2.25780786e-06	1.73871457e-05	0	0	0.359738	0	0	3
382	1851	0	2.27855951	293.199264	293.199263	293.199255	293.199269	2.08400303e-06	1.73871457e-05	0	0	0.362116	0	0	3
383	1856	0	2.28452432	293.199264	293.199263	293.199255	293.199269	1.91894895e-06	1.73871457e-05	0	0	0.360194	0	0	3
384	1860	0	2.29048914	293.199264	293.199263	293.199255	293.199269	1.91151128e-06	1.73871457e-05	0	0	0.362424	0	0	3
385	1865	0	2.29645395	293.199264	293.199263	293.199255	293.199269	1.91151128e-06	1.73871457e-05	0	0	0.360105	0	0	3
386	1870	0	2.30241877	293.199263	293.199263	293.199255	293.199269	1.91151128e-06	1.73871457e-05	0	0	0.362042	0	0	3
387	1875	0	2.30838359	293.199261	293.199263	293.199255	293.199269	1.91151128e-06	1.73871457e-05	0	0	0.359734	0	0	3
388	1880	0	2.3143484	293.199261	293.199263	293.199255	293.199269	1.91151128e-06	1.73871457e-05	0	0	0.361342	0	0	3
389	1885	0	2.32031322	293.199262	293.199263	293.199255	293.199269	1.91151128e-06	1.73871457e-05	0	0	0.358736	0	0	3
390	1890	0	2.32627803	293.199262	293.199263	293.199255	293.199269	1.91151128e-06	1.73871457e-05	0	0	0.360469	0	0	3
391	1895	0	2.33224285	293.199261	293.199263	293.199255	293.199269	1.91151128e-06	1.73871457e-05	0	0	0.35847	0	0	3
392	1900	0	2.33820766	293.199261	293.199263	293.199255	293.199269	1.91151128e-06	1.73871457e-05	0	0	0.360431	0	0	3
393	1905	0	2.34417248	293.199263	293.199263	293.199255	293.199269	1.94352577e-06	1.73871457e-05	0	0	0.358483	0	0	3
394	1910	0	2.35013729	293.199264	293.199263	293.199255	293.199269	2.02500178e-06	1.73871457e-05	0	0	0.361265	0	0	3
395	1915	0	2.35610211	293.199264	293.199263	293.199255	293.199269	2.12733244e-06	1.73871457e-05	0	0	0.35991	0	0	3
396	1920	0	2.36206692	293.199264	293.199263	293.199256	293.199269	2.23462524e-06	1.73871457e-05	0	0	0.362831	0	0	3
397	1925	0	2.36803174	293.199265	293.199264	293.199257	293.199269	2.35058206e-06	1.73871457e-05	0	0	0.361108	0	0	3
398	1929	0	2.37399656	293.199267	293.199264	293.199258	293.199269	2.46428681e-06	1.73871457e-05	0	0	0.363528	0	0	3
399	1934	0	2.37996137	293.199266	293.199264	293.199258	293.199269	2.52551837e-06	1.73871457e-05	0	0	0.36179	0	0	3
400	1940	0	2.38592619	293.199265	293.199264	293.199258	293.199269	2.51029155e-06	1.73871457e-05	0	0	0.363701	0	0	3
401	1948	0	2.391891	293.199266	293.199264	293.199258	293.199269	2.46306081e-06	1.73871457e-05	0	0	0.361511	0	0	3
402	1953	0	2.39785582	293.199267	293.199264	293.199258	293.199269	2.41474839e-06	1.73871457e-05	0	0	0.363261	0	0	3
403	1958	0	2.40382063	293.199267	293.199264	293.199258	293.199269	2.37293898e-06	1.73871457e-05	0	0	0.360707	0	0	3
404	1963	0	2.40978545	293.199268	293.199264	293.199258	293.199269	2.33351034e-06	1.73871457e-05	0	0	0.362228	0	0	3
405	1968	0	2.41575026	293.19927	293.199264	293.199258	293.19927	2.29994805e-06	1.73871457e-05	0	0	0.359824	0	0	3
406	1973	0	2.42171508	293.199272	293.199264	293.199258	293.199272	2.38498149e-06	1.73871457e-05	0	0	0.361779	0	0	3
407	1979	0	2.42767989	293.199273	293.199264	293.199258	293.199273	2.47784254e-06	1.73871457e-05	0	0	0.359295	0	0	3
408	1984	0	2.43364471	293.199272	293.199264	293.199258	293.199273	2.53262493e-06	1.73871457e-05	0	0	0.361234	0	0	3
409	1989	0	2.43960953	293.19927	293.199264	293.199258	293.199273	2.56491757e-06	1.73871457e-05	0	0	0.359575	0	0	3
410	1994	0	2.44557434	293.199269	293.199264	293.199258	293.199273	2.5768033e-06	1.73871457e-05	0	0	0.36213	0	0	3
411	1999	0	2.45153916	293.199267	293.199264	293.199258	293.199273	2.5768033e-06	1.73871457e-05	0	0	0.360426	0	0	3
412	2004	0	2.45750397	293.199264	293.199264	293.199258	293.199273	2.5768033e-06	1.73871457e-05	0	0	0.362749	0	0	3
413	2009	0	2.46346879	293.199262	293.199264	293.199258	293.199273	2.5768033e-06	1.73871457e-05	0	0	0.360777	0	0	3
414	2014	0	2.4694336	293.199262	293.199264	293.199258	293.199273	2.5768033e-06	1.73871457e-05	0	0	0.362707	0	0	3
415	2019	0	2.47539842	293.199262	293.199264	293.199258	293.199273	2.5768033e-06	1.73871457e-05	0	0	0.360457	0	0	3
416	2024	0	2.48136323	293.199262	293.199264	293.199258	293.199273	2.5768033e-06	1.73871457e-05	0	0	0.362013	0	0	3
417	2029	0	2.48732805	293.199264	293.199264	293.199258	293.199273	2.5768033e-06	1.73871457e-05	0	0	0.3594	0	0	3
418	2034	0	2.49329286	293.199265	293.199264	293.199258	293.199273	2.5768033e-06	1.73871457e-05	0	0	0.360793	0	0	3
419	2039	0	2.49925768	293.199266	293.199264	293.199258	293.199273	2.5768033e-06	1.73871457e-05	0	0	0.358074	0	0	3
420	2044	0	2.5052225	293.199264	293.199264	293.199258	293.199273	2.5768033e-06	1.73871457e-05	0	0	0.359476	0	0	3
421	2049	0	2.51118731	293.199263	293.199264	293.199258	293.199273	2.59637329e-06	1.73871457e-05	0	0	0.35655	0	0	3
422	2054	0	2.51715213	293.199261	293.199264	293.199258	293.199273	2.6206755e-06	1.73871457e-05	0	0	0.357893	0	0	3
423	2060	0	2.52311694	293.19926	293.199264	293.199258	293.199273	2.63246454e-06	1.73871457e-05	0	0	0.35527	0	0	3
424	2065	0	2.52908176	293.199257	293.199264	293.199257	293.199273	2.63246454e-06	1.73871457e-05	0	0	0.357281	0	0	3
425	2070	0	2.53504657	293.199253	293.199264	293.199253	293.199273	2.63246454e-06	1.73871457e-05	0	0	0.355292	0	0	3
426	2075	0	2.54101139	293.199248	293.199264	293.199248	293.199273	2.63246454e-06	1.73871457e-05	0	0	0.357534	0	0	3
427	2081	0	2.5469762	293.199246	293.199264	293.199246	293.199273	2.63246454e-06	1.73871457e-05	0	0	0.355525	0	0	3
428	2086	0	2.55294102	293.199245	293.199263	293.199245	293.199273	2.63246454e-06	1.73871457e-05	0	0	0.35767	0	0	3
429	2091	0	2.55890584	293.199246	293.199263	293.199245	293.199273	2.63246454e-06	1.73871457e-05	0	0	0.355706	0	0	3
430	2096	0	2.56487065	293.199247	293.199263	293.199245	293.199273	2.63246454e-06	1.73871457e-05	0	0	0.357775	0	0	3
431	2101	0	2.57083547	293.199248	293.199263	293.199245	293.199273	2.63246454e-06	1.73871457e-05	0	0	0.355515	0	0	3
432	2106	0	2.57680028	293.199251	293.199263	293.199245	293.199273	2.63246454e-06	1.73871457e-05	0	0	0.357329	0	0	3
