Iteration	CPUTime	PhysTime	Travels	Value	AvValue	MinValue	MaxValue	Delta	Criteria	Progress	dGMaxMin	CriteriaType	CriteriaVarType	CriteriaPercentage
1	12	0	0.00596481547	0	0	0	0	0	0	0	0	0	0	0	3
2	18	0	0.0119296309	0	0	0	0	0	0	0	0	0	0	0	3
3	22	0	0.0178944464	0	0	0	0	0	0	0	0	0	0	0	3
4	26	0	0.0238592619	0	0	0	0	0	0	0	0	0	0	0	3
5	34	0	0.0298240773	0	0	0	0	0	0	0	0	0	0	0	3
6	39	0	0.0357888928	0	0	0	0	0	0	0	0	0	0	0	3
7	43	0	0.0417537083	0	0	0	0	0	0	0	0	0	0	0	3
8	48	0	0.0477185237	0	0	0	0	0	0	0	0	0	0	0	3
9	52	0	0.0536833392	0	0	0	0	0	0	0	0	0	0	0	3
10	56	0	0.0596481547	0	0	0	0	0	0	0	0	0	0	0	3
11	60	0	0.0656129701	0	0	0	0	0	0	0	0	0	0	0	3
12	64	0	0.0715777856	0	0	0	0	0	0	0	0	0	0	0	3
13	69	0	0.0775426011	0	0	0	0	0	0	0	0	0	0	0	3
14	73	0	0.0835074165	0	0	0	0	0	0	0	0	0	0	0	3
15	78	0	0.089472232	0	0	0	0	0	0	0	0	0	0	0	3
16	82	0	0.0954370475	0	0	0	0	0	0	0	0	0	0	0	3
17	87	0	0.101401863	0	0	0	0	0	0	0	0	0	0	0	3
18	91	0	0.107366678	0	0	0	0	0	0	0	0	0	0	0	3
19	96	0	0.113331494	0	0	0	0	0	0	0	0	0	0	0	3
20	100	0	0.119296309	0	0	0	0	0	0	0	0	0	0	0	3
21	104	0	0.125261125	0	0	0	0	0	0	0	0	0	0	0	3
22	109	0	0.13122594	0	0	0	0	0	0	0	0	0	0	0	3
23	113	0	0.137190756	0	0	0	0	0	0	0	0	0	0	0	3
24	117	0	0.143155571	0	0	0	0	0	0	0	0	0	0	0	3
25	121	0	0.149120387	0	0	0	0	0	0	0	0	0	0	0	3
26	126	0	0.155085202	0	0	0	0	0	0	0	0	0	0	0	3
27	130	0	0.161050018	0	0	0	0	0	0	0	0	0	0	0	3
28	135	0	0.167014833	0	0	0	0	0	0	0	0	0	0	0	3
29	139	0	0.172979649	0	0	0	0	0	0	0	0	0	0	0	3
30	143	0	0.178944464	0	0	0	0	0	0	0	0	0	0	0	3
31	148	0	0.184909279	0	0	0	0	0	0	0	0	0	0	0	3
32	152	0	0.190874095	0	0	0	0	0	0	0	0	0	0	0	3
33	156	0	0.19683891	0	0	0	0	0	0	0	0	0	0	0	3
34	160	0	0.202803726	0	0	0	0	0	0	0	0	0	0	0	3
35	164	0	0.208768541	0	0	0	0	0	0	0	0	0	0	0	3
36	169	0	0.214733357	0	0	0	0	0	0	0	0	0	0	0	3
37	173	0	0.220698172	0	0	0	0	0	0	0	0	0	0	0	3
38	178	0	0.226662988	0	0	0	0	0	0	0	0	0	0	0	3
39	182	0	0.232627803	0	0	0	0	0	0	0	0	0	0	0	3
40	186	0	0.238592619	0	0	0	0	0	0	0	0	0	0	0	3
41	191	0	0.244557434	0	0	0	0	0	0	0	0	0	0	0	3
42	195	0	0.25052225	0	0	0	0	0	0	0	0	0	0	0	3
43	200	0	0.256487065	0	0	0	0	0	0	0	0	0	0	0	3
44	205	0	0.262451881	0	0	0	0	0	0	0	0	0	0	0	3
45	209	0	0.268416696	0	0	0	0	0	0	0	0	0	0	0	3
46	213	0	0.274381511	0	0	0	0	0	0	0	0	0	0	0	3
47	218	0	0.280346327	0	0	0	0	0	0	0	0	0	0	0	3
48	222	0	0.286311142	0	0	0	0	0	0	0	0	0	0	0	3
49	227	0	0.292275958	0	0	0	0	0	0	0	0	0	0	0	3
50	293	0	0.298240773	0	0	0	0	0	0	0	0	0	0	0	3
51	298	0	0.304205589	0	0	0	0	0	0	0	0	0	0	0	3
52	307	0	0.310170404	0	0	0	0	0	0	0	0	0	0	0	3
53	312	0	0.31613522	0	0	0	0	0	0	0	0	0	0	0	3
54	317	0	0.322100035	0	0	0	0	0	0	0	0	0	0	0	3
55	321	0	0.328064851	0	0	0	0	0	0	0	0	0	0	0	3
56	326	0	0.334029666	0	0	0	0	0	0	0	0	0	0	0	3
57	331	0	0.339994482	0	0	0	0	0	0	0	0	0	0	0	3
58	335	0	0.345959297	0	0	0	0	0	0	0	0	0	0	0	3
59	340	0	0.351924113	0	0	0	0	0	0	0	0	0	0	0	3
60	344	0	0.357888928	0	0	0	0	0	0	0	0	0	0	0	3
61	349	0	0.363853743	0	0	0	0	0	0	0	0	0	0	0	3
62	353	0	0.369818559	0	0	0	0	0	0	0	0	0	0	0	3
63	358	0	0.375783374	0	0	0	0	0	0	0	0	0	0	0	3
64	362	0	0.38174819	0	0	0	0	0	0	0	0	0	0	0	3
65	366	0	0.387713005	0	0	0	0	0	0	0	0	0	0	0	3
66	370	0	0.393677821	0	0	0	0	0	0	0	0	0	0	0	3
67	374	0	0.399642636	0	0	0	0	0	0	0	0	0	0	0	3
68	378	0	0.405607452	0	0	0	0	0	0	0	0	0	0	0	3
69	383	0	0.411572267	0	0	0	0	0	0	0	0	0	0	0	3
70	387	0	0.417537083	0	0	0	0	0	0	0	0	0	0	0	3
71	392	0	0.423501898	0	0	0	0	0	0	0	0	0	0	0	3
72	396	0	0.429466714	0	0	0	0	0	0	0	0	0	0	0	3
73	400	0	0.435431529	0	0	0	0	0	0	0	0	0	0	0	3
74	404	0	0.441396345	0	0	0	0	0	0	0	0	0	0	0	3
75	408	0	0.44736116	0	0	0	0	0	0	0	0	0	0	0	3
76	412	0	0.453325975	0	0	0	0	0	0	0	0	0	0	0	3
77	416	0	0.459290791	0	0	0	0	0	0	0	0	0	0	0	3
78	421	0	0.465255606	0	0	0	0	0	0	0	0	0	0	0	3
79	426	0	0.471220422	0	0	0	0	0	0	0	0	0	0	0	3
80	431	0	0.477185237	0	0	0	0	0	0	0	0	0	0	0	3
81	435	0	0.483150053	0	0	0	0	0	0	0	0	0	0	0	3
82	440	0	0.489114868	0	0	0	0	0	0	0	0	0	0	0	3
83	445	0	0.495079684	0	0	0	0	0	0	0	0	0	0	0	3
84	449	0	0.501044499	0	0	0	0	0	0	0	0	0	0	0	3
85	454	0	0.507009315	0	0	0	0	0	0	0	0	0	0	0	3
86	458	0	0.51297413	0	0	0	0	0	0	0	0	0	0	0	3
87	463	0	0.518938946	0	0	0	0	0	0	0	0	0	0	0	3
88	467	0	0.524903761	0	0	0	0	0	0	0	0	0	0	0	3
89	472	0	0.530868577	0	0	0	0	0	0	0	0	0	0	0	3
90	476	0	0.536833392	0	0	0	0	0	0	0	0	0	0	0	3
91	481	0	0.542798207	0	0	0	0	0	0	0	0	0	0	0	3
92	485	0	0.548763023	0	0	0	0	0	0	0	0	0	0	0	3
93	490	0	0.554727838	0	0	0	0	0	0	0	0	0	0	0	3
94	494	0	0.560692654	0	0	0	0	0	0	0	0	0	0	0	3
95	499	0	0.566657469	0	0	0	0	0	0	0	0	0	0	0	3
96	503	0	0.572622285	0	0	0	0	0	0	0	0	0	0	0	3
97	508	0	0.5785871	0	0	0	0	0	0	0	0	0	0	0	3
98	512	0	0.584551916	0	0	0	0	0	0	0	0	0	0	0	3
99	517	0	0.590516731	0	0	0	0	0	0	0	0	0	0	0	3
100	521	0	0.596481547	0	0	0	0	0	0	0	0	0	0	0	3
101	528	0	0.602446362	0	0	0	0	0	0	0	0	0	0	0	3
102	533	0	0.608411178	0	0	0	0	0	0	0	0	0	0	0	3
103	538	0	0.614375993	0	0	0	0	0	0	0	0	0	0	0	3
104	542	0	0.620340808	0	0	0	0	0	0	0	0	0	0	0	3
105	547	0	0.626305624	0	0	0	0	0	0	0	0	0	0	0	3
106	551	0	0.632270439	0	0	0	0	0	0	0	0	0	0	0	3
107	556	0	0.638235255	0	0	0	0	0	0	0	0	0	0	0	3
108	560	0	0.64420007	0	0	0	0	0	0	0	0	0	0	0	3
109	565	0	0.650164886	0	0	0	0	0	0	0	0	0	0	0	3
110	569	0	0.656129701	0	0	0	0	0	0	0	0	0	0	0	3
111	574	0	0.662094517	0	0	0	0	0	0	0	0	0	0	0	3
112	579	0	0.668059332	0	0	0	0	0	0	0	0	0	0	0	3
113	583	0	0.674024148	0	0	0	0	0	0	0	0	0	0	0	3
114	588	0	0.679988963	0	0	0	0	0	0	0	0	0	0	0	3
115	592	0	0.685953779	0	0	0	0	0	0	0	0	0	0	0	3
116	597	0	0.691918594	0	0	0	0	0	0	0	0	0	0	0	3
117	602	0	0.69788341	0	0	0	0	0	0	0	0	0	0	0	3
118	606	0	0.703848225	0	0	0	0	0	0	0	0	0	0	0	3
119	611	0	0.70981304	0	0	0	0	0	0	0	0	0	0	0	3
120	615	0	0.715777856	0	0	0	0	0	0	0	0	0	0	0	3
121	620	0	0.721742671	0	0	0	0	0	0	0	0	0	0	0	3
122	625	0	0.727707487	0	0	0	0	0	0	0	0	0	0	0	3
123	629	0	0.733672302	0	0	0	0	0	0	0	0	0	0	0	3
124	634	0	0.739637118	0	0	0	0	0	0	0	0	0	0	0	3
125	638	0	0.745601933	0	0	0	0	0	0	0	0	0	0	0	3
126	643	0	0.751566749	0	0	0	0	0	0	0	0	0	0	0	3
127	648	0	0.757531564	0	0	0	0	0	0	0	0	0	0	0	3
128	652	0	0.76349638	0	0	0	0	0	0	0	0	0	0	0	3
129	657	0	0.769461195	0	0	0	0	0	0	0	0	0	0	0	3
130	661	0	0.775426011	0	0	0	0	0	0	0	0	0	0	0	3
131	666	0	0.781390826	0	0	0	0	0	0	0	0	0	0	0	3
132	670	0	0.787355642	0	0	0	0	0	0	0	0	0	0	0	3
133	675	0	0.793320457	0	0	0	0	0	0	0	0	0	0	0	3
134	679	0	0.799285272	0	0	0	0	0	0	0	0	0	0	0	3
135	684	0	0.805250088	0	0	0	0	0	0	0	0	0	0	0	3
136	689	0	0.811214903	0	0	0	0	0	0	0	0	0	0	0	3
137	693	0	0.817179719	0	0	0	0	0	0	0	0	0	0	0	3
138	698	0	0.823144534	0	0	0	0	0	0	0	0	0	0	0	3
139	702	0	0.82910935	0	0	0	0	0	0	0	0	0	0	0	3
140	707	0	0.835074165	0	0	0	0	0	0	0	0	0	0	0	3
141	712	0	0.841038981	0	0	0	0	0	0	0	0	0	0	0	3
142	716	0	0.847003796	0	0	0	0	0	0	0	0	0	0	0	3
143	721	0	0.852968612	0	0	0	0	0	0	0	0	0	0	0	3
144	726	0	0.858933427	0	0	0	0	0	0	0	0	0	0	0	3
145	730	0	0.864898243	0	0	0	0	0	0	0	0	0	0	0	3
146	735	0	0.870863058	0	0	0	0	0	0	0	0	0	0	0	3
147	740	0	0.876827874	0	0	0	0	0	0	0	0	0	0	0	3
148	744	0	0.882792689	0	0	0	0	0	0	0	0	0	0	0	3
149	749	0	0.888757504	0	0	0	0	0	0	0	0	0	0	0	3
150	753	0	0.89472232	0	0	0	0	0	0	0	0	0	0	0	3
151	758	0	0.900687135	0	0	0	0	0	0	0	0	0	0	0	3
152	762	0	0.906651951	0	0	0	0	0	0	0	0	0	0	0	3
153	767	0	0.912616766	0	0	0	0	0	0	0	0	0	0	0	3
154	771	0	0.918581582	0	0	0	0	0	0	0	0	0	0	0	3
155	776	0	0.924546397	0	0	0	0	0	0	0	0	0	0	0	3
156	781	0	0.930511213	0	0	0	0	0	0	0	0	0	0	0	3
157	785	0	0.936476028	0	0	0	0	0	0	0	0	0	0	0	3
158	790	0	0.942440844	0	0	0	0	0	0	0	0	0	0	0	3
159	795	0	0.948405659	0	0	0	0	0	0	0	0	0	0	0	3
160	799	0	0.954370475	0	0	0	0	0	0	0	0	0	0	0	3
161	804	0	0.96033529	0	0	0	0	0	0	0	0	0	0	0	3
162	809	0	0.966300106	0	0	0	0	0	0	0	0	0	0	0	3
163	813	0	0.972264921	0	0	0	0	0	0	0	0	0	0	0	3
164	818	0	0.978229736	0	0	0	0	0	0	0	0	0	0	0	3
165	822	0	0.984194552	0	0	0	0	0	0	0	0	0	0	0	3
166	827	0	0.990159367	0	0	0	0	0	0	0	0	0	0	0	3
167	831	0	0.996124183	0	0	0	0	0	0	0	0	0	0	0	3
168	836	0	1.002089	0	0	0	0	0	5e-06	0	0	0	0	0	3
169	841	0	1.00805381	0	0	0	0	0	5e-06	0	0	0	0	0	3
170	846	0	1.01401863	0	0	0	0	0	5e-06	0	0	0	0	0	3
171	850	0	1.01998344	0	0	0	0	0	5e-06	0	0	0	0	0	3
172	855	0	1.02594826	0	0	0	0	0	5e-06	0	0	0	0	0	3
173	859	0	1.03191308	0	0	0	0	0	5e-06	0	0	0	0	0	3
174	864	0	1.03787789	0	0	0	0	0	5e-06	0	0	0	0	0	3
175	869	0	1.04384271	0	0	0	0	0	5e-06	0	0	0	0	0	3
176	873	0	1.04980752	0	0	0	0	0	5e-06	0	0	0	0	0	3
177	878	0	1.05577234	0	0	0	0	0	5e-06	0	0	0	0	0	3
178	883	0	1.06173715	0	0	0	0	0	5e-06	0	0	0	0	0	3
179	888	0	1.06770197	0	0	0	0	0	5e-06	0	0	0	0	0	3
180	892	0	1.07366678	0	0	0	0	0	5e-06	0	0	0	0	0	3
181	897	0	1.0796316	0	0	0	0	0	5e-06	0	0	0	0	0	3
182	901	0	1.08559641	0	0	0	0	0	5e-06	0	0	0	0	0	3
183	906	0	1.09156123	0	0	0	0	0	5e-06	0	0	0	0	0	3
184	911	0	1.09752605	0	0	0	0	0	5e-06	0	0	0	0	0	3
185	915	0	1.10349086	0	0	0	0	0	5e-06	0	0	0	0	0	3
186	920	0	1.10945568	0	0	0	0	0	5e-06	0	0	0	0	0	3
187	925	0	1.11542049	0	0	0	0	0	5e-06	0	0	0	0	0	3
188	929	0	1.12138531	0	0	0	0	0	5e-06	0	0	0	0	0	3
189	934	0	1.12735012	0	0	0	0	0	5e-06	0	0	0	0	0	3
190	939	0	1.13331494	0	0	0	0	0	5e-06	0	0	0	0	0	3
191	944	0	1.13927975	0	0	0	0	0	5e-06	0	0	0	0	0	3
192	948	0	1.14524457	0	0	0	0	0	5e-06	0	0	0	0	0	3
193	953	0	1.15120938	0	0	0	0	0	5e-06	0	0	0	0	0	3
194	957	0	1.1571742	0	0	0	0	0	5e-06	0	0	0	0	0	3
195	962	0	1.16313902	0	0	0	0	0	5e-06	0	0	0	0	0	3
196	967	0	1.16910383	0	0	0	0	0	5e-06	0	0	0	0	0	3
197	971	0	1.17506865	0	0	0	0	0	5e-06	0	0	0	0	0	3
198	976	0	1.18103346	0	0	0	0	0	5e-06	0	0	0	0	0	3
199	980	0	1.18699828	0	0	0	0	0	5e-06	0	0	0	0	0	3
200	985	0	1.19296309	0	0	0	0	0	5e-06	0	0	0	0	0	3
201	991	0	1.19892791	0	0	0	0	0	5e-06	0	0	0	0	0	3
202	996	0	1.20489272	0	0	0	0	0	5e-06	0	0	0	0	0	3
203	1000	0	1.21085754	0	0	0	0	0	5e-06	0	0	0	0	0	3
204	1005	0	1.21682236	0	0	0	0	0	5e-06	0	0	0	0	0	3
205	1009	0	1.22278717	0	0	0	0	0	5e-06	0	0	0	0	0	3
206	1013	0	1.22875199	0	0	0	0	0	5e-06	0	0	0	0	0	3
207	1018	0	1.2347168	0	0	0	0	0	5e-06	0	0	0	0	0	3
208	1022	0	1.24068162	0	0	0	0	0	5e-06	0	0	0	0	0	3
209	1027	0	1.24664643	0	0	0	0	0	5e-06	0	0	0	0	0	3
210	1031	0	1.25261125	0	0	0	0	0	5e-06	0	0	0	0	0	3
211	1036	0	1.25857606	0	0	0	0	0	5e-06	0	0	0	0	0	3
212	1040	0	1.26454088	0	0	0	0	0	5e-06	0	0	0	0	0	3
213	1044	0	1.27050569	0	0	0	0	0	5e-06	0	0	0	0	0	3
214	1049	0	1.27647051	0	0	0	0	0	5e-06	0	0	0	0	0	3
215	1053	0	1.28243533	0	0	0	0	0	5e-06	0	0	0	0	0	3
216	1058	0	1.28840014	0	0	0	0	0	5e-06	0	0	0	0	0	3
217	1062	0	1.29436496	0	0	0	0	0	5e-06	0	0	0	0	0	3
218	1067	0	1.30032977	0	0	0	0	0	5e-06	0	0	0	0	0	3
219	1071	0	1.30629459	0	0	0	0	0	5e-06	0	0	0	0	0	3
220	1075	0	1.3122594	0	0	0	0	0	5e-06	0	0	0	0	0	3
221	1080	0	1.31822422	0	0	0	0	0	5e-06	0	0	0	0	0	3
222	1084	0	1.32418903	0	0	0	0	0	5e-06	0	0	0	0	0	3
223	1088	0	1.33015385	0	0	0	0	0	5e-06	0	0	0	0	0	3
224	1093	0	1.33611866	0	0	0	0	0	5e-06	0	0	0	0	0	3
225	1097	0	1.34208348	0	0	0	0	0	5e-06	0	0	0	0	0	3
226	1102	0	1.3480483	0	0	0	0	0	5e-06	0	0	0	0	0	3
227	1106	0	1.35401311	0	0	0	0	0	5e-06	0	0	0	0	0	3
228	1110	0	1.35997793	0	0	0	0	0	5e-06	0	0	0	0	0	3
229	1115	0	1.36594274	0	0	0	0	0	5e-06	0	0	0	0	0	3
230	1119	0	1.37190756	0	0	0	0	0	5e-06	0	0	0	0	0	3
231	1124	0	1.37787237	0	0	0	0	0	5e-06	0	0	0	0	0	3
232	1128	0	1.38383719	0	0	0	0	0	5e-06	0	0	0	0	0	3
233	1133	0	1.389802	0	0	0	0	0	5e-06	0	0	0	0	0	3
234	1137	0	1.39576682	0	0	0	0	0	5e-06	0	0	0	0	0	3
235	1142	0	1.40173163	0	0	0	0	0	5e-06	0	0	0	0	0	3
236	1146	0	1.40769645	0	0	0	0	0	5e-06	0	0	0	0	0	3
237	1151	0	1.41366127	0	0	0	0	0	5e-06	0	0	0	0	0	3
238	1156	0	1.41962608	0	0	0	0	0	5e-06	0	0	0	0	0	3
239	1160	0	1.4255909	0	0	0	0	0	5e-06	0	0	0	0	0	3
240	1165	0	1.43155571	0	0	0	0	0	5e-06	0	0	0	0	0	3
241	1170	0	1.43752053	0	0	0	0	0	5e-06	0	0	0	0	0	3
242	1174	0	1.44348534	0	0	0	0	0	5e-06	0	0	0	0	0	3
243	1179	0	1.44945016	0	0	0	0	0	5e-06	0	0	0	0	0	3
244	1184	0	1.45541497	0	0	0	0	0	5e-06	0	0	0	0	0	3
245	1189	0	1.46137979	0	0	0	0	0	5e-06	0	0	0	0	0	3
246	1193	0	1.4673446	0	0	0	0	0	5e-06	0	0	0	0	0	3
247	1198	0	1.47330942	0	0	0	0	0	5e-06	0	0	0	0	0	3
248	1203	0	1.47927424	0	0	0	0	0	5e-06	0	0	0	0	0	3
249	1207	0	1.48523905	0	0	0	0	0	5e-06	0	0	0	0	0	3
250	1212	0	1.49120387	0	0	0	0	0	5e-06	0	0	0	0	0	3
251	1217	0	1.49716868	0	0	0	0	0	5e-06	0	0	0	0	0	3
252	1222	0	1.5031335	0	0	0	0	0	5e-06	0	0	0	0	0	3
253	1226	0	1.50909831	0	0	0	0	0	5e-06	0	0	0	0	0	3
254	1231	0	1.51506313	0	0	0	0	0	5e-06	0	0	0	0	0	3
255	1236	0	1.52102794	0	0	0	0	0	5e-06	0	0	0	0	0	3
256	1240	0	1.52699276	0	0	0	0	0	5e-06	0	0	0	0	0	3
257	1245	0	1.53295757	0	0	0	0	0	5e-06	0	0	0	0	0	3
258	1250	0	1.53892239	0	0	0	0	0	5e-06	0	0	0	0	0	3
259	1255	0	1.54488721	0	0	0	0	0	5e-06	0	0	0	0	0	3
260	1259	0	1.55085202	0	0	0	0	0	5e-06	0	0	0	0	0	3
261	1264	0	1.55681684	0	0	0	0	0	5e-06	0	0	0	0	0	3
262	1269	0	1.56278165	0	0	0	0	0	5e-06	0	0	0	0	0	3
263	1274	0	1.56874647	0	0	0	0	0	5e-06	0	0	0	0	0	3
264	1278	0	1.57471128	0	0	0	0	0	5e-06	0	0	0	0	0	3
265	1283	0	1.5806761	0	0	0	0	0	5e-06	0	0	0	0	0	3
266	1288	0	1.58664091	0	0	0	0	0	5e-06	0	0	0	0	0	3
267	1292	0	1.59260573	0	0	0	0	0	5e-06	0	0	0	0	0	3
268	1297	0	1.59857054	0	0	0	0	0	5e-06	0	0	0	0	0	3
269	1302	0	1.60453536	0	0	0	0	0	5e-06	0	0	0	0	0	3
270	1306	0	1.61050018	0	0	0	0	0	5e-06	0	0	0	0	0	3
271	1311	0	1.61646499	0	0	0	0	0	5e-06	0	0	0	0	0	3
272	1316	0	1.62242981	0	0	0	0	0	5e-06	0	0	0	0	0	3
273	1321	0	1.62839462	0	0	0	0	0	5e-06	0	0	0	0	0	3
274	1326	0	1.63435944	0	0	0	0	0	5e-06	0	0	0	0	0	3
275	1330	0	1.64032425	0	0	0	0	0	5e-06	0	0	0	0	0	3
276	1335	0	1.64628907	0	0	0	0	0	5e-06	0	0	0	0	0	3
277	1340	0	1.65225388	0	0	0	0	0	5e-06	0	0	0	0	0	3
278	1345	0	1.6582187	0	0	0	0	0	5e-06	0	0	0	0	0	3
279	1349	0	1.66418352	0	0	0	0	0	5e-06	0	0	0	0	0	3
280	1354	0	1.67014833	0	0	0	0	0	5e-06	0	0	0	0	0	3
281	1359	0	1.67611315	0	0	0	0	0	5e-06	0	0	0	0	0	3
282	1364	0	1.68207796	0	0	0	0	0	5e-06	0	0	0	0	0	3
283	1368	0	1.68804278	0	0	0	0	0	5e-06	0	0	0	0	0	3
284	1373	0	1.69400759	0	0	0	0	0	5e-06	0	0	0	0	0	3
285	1378	0	1.69997241	0	0	0	0	0	5e-06	0	0	0	0	0	3
286	1382	0	1.70593722	0	0	0	0	0	5e-06	0	0	0	0	0	3
287	1387	0	1.71190204	0	0	0	0	0	5e-06	0	0	0	0	0	3
288	1392	0	1.71786685	0	0	0	0	0	5e-06	0	0	0	0	0	3
289	1397	0	1.72383167	0	0	0	0	0	5e-06	0	0	0	0	0	3
290	1402	0	1.72979649	0	0	0	0	0	5e-06	0	0	0	0	0	3
291	1406	0	1.7357613	0	0	0	0	0	5e-06	0	0	0	0	0	3
292	1411	0	1.74172612	0	0	0	0	0	5e-06	0	0	0	0	0	3
293	1416	0	1.74769093	0	0	0	0	0	5e-06	0	0	0	0	0	3
294	1421	0	1.75365575	0	0	0	0	0	5e-06	0	0	0	0	0	3
295	1425	0	1.75962056	0	0	0	0	0	5e-06	0	0	0	0	0	3
296	1430	0	1.76558538	0	0	0	0	0	5e-06	0	0	0	0	0	3
297	1435	0	1.77155019	0	0	0	0	0	5e-06	0	0	0	0	0	3
298	1439	0	1.77751501	0	0	0	0	0	5e-06	0	0	0	0	0	3
299	1444	0	1.78347982	0	0	0	0	0	5e-06	0	0	0	0	0	3
300	1449	0	1.78944464	0	0	0	0	0	5e-06	0	0	0	0	0	3
301	1456	0	1.79540946	0	0	0	0	0	5e-06	0	0	0	0	0	3
302	1461	0	1.80137427	0	0	0	0	0	5e-06	0	0	0	0	0	3
303	1466	0	1.80733909	0	0	0	0	0	5e-06	0	0	0	0	0	3
304	1470	0	1.8133039	0	0	0	0	0	5e-06	0	0	0	0	0	3
305	1476	0	1.81926872	0	0	0	0	0	5e-06	0	0	0	0	0	3
306	1481	0	1.82523353	0	0	0	0	0	5e-06	0	0	0	0	0	3
307	1486	0	1.83119835	0	0	0	0	0	5e-06	0	0	0	0	0	3
308	1491	0	1.83716316	0	0	0	0	0	5e-06	0	0	0	0	0	3
309	1496	0	1.84312798	0	0	0	0	0	5e-06	0	0	0	0	0	3
310	1501	0	1.84909279	0	0	0	0	0	5e-06	0	0	0	0	0	3
311	1506	0	1.85505761	0	0	0	0	0	5e-06	0	0	0	0	0	3
312	1510	0	1.86102243	0	0	0	0	0	5e-06	0	0	0	0	0	3
313	1515	0	1.86698724	0	0	0	0	0	5e-06	0	0	0	0	0	3
314	1520	0	1.87295206	0	0	0	0	0	5e-06	0	0	0	0	0	3
315	1525	0	1.87891687	0	0	0	0	0	5e-06	0	0	0	0	0	3
316	1530	0	1.88488169	0	0	0	0	0	5e-06	0	0	0	0	0	3
317	1535	0	1.8908465	0	0	0	0	0	5e-06	0	0	0	0	0	3
318	1539	0	1.89681132	0	0	0	0	0	5e-06	0	0	0	0	0	3
319	1544	0	1.90277613	0	0	0	0	0	5e-06	0	0	0	0	0	3
320	1549	0	1.90874095	0	0	0	0	0	5e-06	0	0	0	0	0	3
321	1554	0	1.91470576	0	0	0	0	0	5e-06	0	0	0	0	0	3
322	1559	0	1.92067058	0	0	0	0	0	5e-06	0	0	0	0	0	3
323	1564	0	1.9266354	0	0	0	0	0	5e-06	0	0	0	0	0	3
324	1568	0	1.93260021	0	0	0	0	0	5e-06	0	0	0	0	0	3
325	1573	0	1.93856503	0	0	0	0	0	5e-06	0	0	0	0	0	3
326	1578	0	1.94452984	0	0	0	0	0	5e-06	0	0	0	0	0	3
327	1583	0	1.95049466	0	0	0	0	0	5e-06	0	0	0	0	0	3
328	1588	0	1.95645947	0	0	0	0	0	5e-06	0	0	0	0	0	3
329	1592	0	1.96242429	0	0	0	0	0	5e-06	0	0	0	0	0	3
330	1597	0	1.9683891	0	0	0	0	0	5e-06	0	0	0	0	0	3
331	1602	0	1.97435392	0	0	0	0	0	5e-06	0	0	0	0	0	3
332	1607	0	1.98031873	0	0	0	0	0	5e-06	0	0	0	0	0	3
333	1612	0	1.98628355	0	0	0	0	0	5e-06	0	0	0	0	0	3
334	1616	0	1.99224837	0	0	0	0	0	5e-06	0	0	0	0	0	3
335	1621	0	1.99821318	0	0	0	0	0	5e-06	0	0	0	0	0	3
336	1626	0	2.004178	0	0	0	0	0	5e-06	0	0	0	0	0	3
337	1631	0	2.01014281	0	0	0	0	0	5e-06	0	0	0	0	0	3
338	1636	0	2.01610763	0	0	0	0	0	5e-06	0	0	0	0	0	3
339	1640	0	2.02207244	0	0	0	0	0	5e-06	0	0	0	0	0	3
340	1645	0	2.02803726	0	0	0	0	0	5e-06	0	0	0	0	0	3
341	1650	0	2.03400207	0	0	0	0	0	5e-06	0	0	0	0	0	3
342	1655	0	2.03996689	0	0	0	0	0	5e-06	0	0	0	0	0	3
343	1660	0	2.0459317	0	0	0	0	0	5e-06	0	0	0	0	0	3
344	1665	0	2.05189652	0	0	0	0	0	5e-06	0	0	0	0	0	3
345	1670	0	2.05786134	0	0	0	0	0	5e-06	0	0	0	0	0	3
346	1675	0	2.06382615	0	0	0	0	0	5e-06	0	0	0	0	0	3
347	1680	0	2.06979097	0	0	0	0	0	5e-06	0	0	0	0	0	3
348	1685	0	2.07575578	0	0	0	0	0	5e-06	0	0	0	0	0	3
349	1690	0	2.0817206	0	0	0	0	0	5e-06	0	0	0	0	0	3
350	1694	0	2.08768541	0	0	0	0	0	5e-06	0	0	0	0	0	3
351	1699	0	2.09365023	0	0	0	0	0	5e-06	0	0	0	0	0	3
352	1704	0	2.09961504	0	0	0	0	0	5e-06	0	0	0	0	0	3
353	1709	0	2.10557986	0	0	0	0	0	5e-06	0	0	0	0	0	3
354	1715	0	2.11154468	0	0	0	0	0	5e-06	0	0	0	0	0	3
355	1720	0	2.11750949	0	0	0	0	0	5e-06	0	0	0	0	0	3
356	1724	0	2.12347431	0	0	0	0	0	5e-06	0	0	0	0	0	3
357	1729	0	2.12943912	0	0	0	0	0	5e-06	0	0	0	0	0	3
358	1734	0	2.13540394	0	0	0	0	0	5e-06	0	0	0	0	0	3
359	1739	0	2.14136875	0	0	0	0	0	5e-06	0	0	0	0	0	3
360	1744	0	2.14733357	0	0	0	0	0	5e-06	0	0	0	0	0	3
361	1749	0	2.15329838	0	0	0	0	0	5e-06	0	0	0	0	0	3
362	1754	0	2.1592632	0	0	0	0	0	5e-06	0	0	0	0	0	3
363	1758	0	2.16522801	0	0	0	0	0	5e-06	0	0	0	0	0	3
364	1763	0	2.17119283	0	0	0	0	0	5e-06	0	0	0	0	0	3
365	1768	0	2.17715765	0	0	0	0	0	5e-06	0	0	0	0	0	3
366	1773	0	2.18312246	0	0	0	0	0	5e-06	0	0	0	0	0	3
367	1778	0	2.18908728	0	0	0	0	0	5e-06	0	0	0	0	0	3
368	1783	0	2.19505209	0	0	0	0	0	5e-06	0	0	0	0	0	3
369	1788	0	2.20101691	0	0	0	0	0	5e-06	0	0	0	0	0	3
370	1792	0	2.20698172	0	0	0	0	0	5e-06	0	0	0	0	0	3
371	1797	0	2.21294654	0	0	0	0	0	5e-06	0	0	0	0	0	3
372	1802	0	2.21891135	0	0	0	0	0	5e-06	0	0	0	0	0	3
373	1807	0	2.22487617	0	0	0	0	0	5e-06	0	0	0	0	0	3
374	1812	0	2.23084098	0	0	0	0	0	5e-06	0	0	0	0	0	3
375	1817	0	2.2368058	0	0	0	0	0	5e-06	0	0	0	0	0	3
376	1822	0	2.24277062	0	0	0	0	0	5e-06	0	0	0	0	0	3
377	1827	0	2.24873543	0	0	0	0	0	5e-06	0	0	0	0	0	3
378	1831	0	2.25470025	0	0	0	0	0	5e-06	0	0	0	0	0	3
379	1836	0	2.26066506	0	0	0	0	0	5e-06	0	0	0	0	0	3
380	1841	0	2.26662988	0	0	0	0	0	5e-06	0	0	0	0	0	3
381	1846	0	2.27259469	0	0	0	0	0	5e-06	0	0	0	0	0	3
382	1851	0	2.27855951	0	0	0	0	0	5e-06	0	0	0	0	0	3
383	1856	0	2.28452432	0	0	0	0	0	5e-06	0	0	0	0	0	3
384	1860	0	2.29048914	0	0	0	0	0	5e-06	0	0	0	0	0	3
385	1865	0	2.29645395	0	0	0	0	0	5e-06	0	0	0	0	0	3
386	1870	0	2.30241877	0	0	0	0	0	5e-06	0	0	0	0	0	3
387	1875	0	2.30838359	0	0	0	0	0	5e-06	0	0	0	0	0	3
388	1880	0	2.3143484	0	0	0	0	0	5e-06	0	0	0	0	0	3
389	1885	0	2.32031322	0	0	0	0	0	5e-06	0	0	0	0	0	3
390	1890	0	2.32627803	0	0	0	0	0	5e-06	0	0	0	0	0	3
391	1895	0	2.33224285	0	0	0	0	0	5e-06	0	0	0	0	0	3
392	1900	0	2.33820766	0	0	0	0	0	5e-06	0	0	0	0	0	3
393	1905	0	2.34417248	0	0	0	0	0	5e-06	0	0	0	0	0	3
394	1910	0	2.35013729	0	0	0	0	0	5e-06	0	0	0	0	0	3
395	1915	0	2.35610211	0	0	0	0	0	5e-06	0	0	0	0	0	3
396	1920	0	2.36206692	0	0	0	0	0	5e-06	0	0	0	0	0	3
397	1925	0	2.36803174	0	0	0	0	0	5e-06	0	0	0	0	0	3
398	1929	0	2.37399656	0	0	0	0	0	5e-06	0	0	0	0	0	3
399	1934	0	2.37996137	0	0	0	0	0	5e-06	0	0	0	0	0	3
400	1940	0	2.38592619	0	0	0	0	0	5e-06	0	0	0	0	0	3
401	1948	0	2.391891	0	0	0	0	0	5e-06	0	0	0	0	0	3
402	1953	0	2.39785582	0	0	0	0	0	5e-06	0	0	0	0	0	3
403	1958	0	2.40382063	0	0	0	0	0	5e-06	0	0	0	0	0	3
404	1963	0	2.40978545	0	0	0	0	0	5e-06	0	0	0	0	0	3
405	1968	0	2.41575026	0	0	0	0	0	5e-06	0	0	0	0	0	3
406	1973	0	2.42171508	0	0	0	0	0	5e-06	0	0	0	0	0	3
407	1979	0	2.42767989	0	0	0	0	0	5e-06	0	0	0	0	0	3
408	1984	0	2.43364471	0	0	0	0	0	5e-06	0	0	0	0	0	3
409	1989	0	2.43960953	0	0	0	0	0	5e-06	0	0	0	0	0	3
410	1994	0	2.44557434	0	0	0	0	0	5e-06	0	0	0	0	0	3
411	1999	0	2.45153916	0	0	0	0	0	5e-06	0	0	0	0	0	3
412	2004	0	2.45750397	0	0	0	0	0	5e-06	0	0	0	0	0	3
413	2009	0	2.46346879	0	0	0	0	0	5e-06	0	0	0	0	0	3
414	2014	0	2.4694336	0	0	0	0	0	5e-06	0	0	0	0	0	3
415	2019	0	2.47539842	0	0	0	0	0	5e-06	0	0	0	0	0	3
416	2024	0	2.48136323	0	0	0	0	0	5e-06	0	0	0	0	0	3
417	2029	0	2.48732805	0	0	0	0	0	5e-06	0	0	0	0	0	3
418	2034	0	2.49329286	0	0	0	0	0	5e-06	0	0	0	0	0	3
419	2039	0	2.49925768	0	0	0	0	0	5e-06	0	0	0	0	0	3
420	2044	0	2.5052225	0	0	0	0	0	5e-06	0	0	0	0	0	3
421	2049	0	2.51118731	0	0	0	0	0	5e-06	0	0	0	0	0	3
422	2054	0	2.51715213	0	0	0	0	0	5e-06	0	0	0	0	0	3
423	2060	0	2.52311694	0	0	0	0	0	5e-06	0	0	0	0	0	3
424	2065	0	2.52908176	0	0	0	0	0	5e-06	0	0	0	0	0	3
425	2070	0	2.53504657	0	0	0	0	0	5e-06	0	0	0	0	0	3
426	2075	0	2.54101139	0	0	0	0	0	5e-06	0	0	0	0	0	3
427	2081	0	2.5469762	0	0	0	0	0	5e-06	0	0	0	0	0	3
428	2086	0	2.55294102	0	0	0	0	0	5e-06	0	0	0	0	0	3
429	2091	0	2.55890584	0	0	0	0	0	5e-06	0	0	0	0	0	3
430	2096	0	2.56487065	0	0	0	0	0	5e-06	0	0	0	0	0	3
431	2101	0	2.57083547	0	0	0	0	0	5e-06	0	0	0	0	0	3
432	2106	0	2.57680028	0	0	0	0	0	5e-06	0	0	0	0	0	3
