Iteration	CPUTime	PhysTime	Travels	Value	AvValue	MinValue	MaxValue	Delta	Criteria	Progress	dGMaxMin	CriteriaType	CriteriaVarType	CriteriaPercentage
1	12	0	0.00596481547	-1.28637704	-1.28637704	-1.28637704	-1.28637704	0	0	0	0	0	0	0	3
2	18	0	0.0119296309	-23.3567473	-12.3215622	-23.3567473	-1.28637704	11.0351851	0	0	0	0	0	0	3
3	22	0	0.0178944464	-15.2193892	-13.2875045	-23.3567473	-1.28637704	12.0011275	0	0	0	0	0	0	3
4	26	0	0.0238592619	-10.6948823	-12.639349	-23.3567473	-1.28637704	12.0011275	0	0	0	0	0	0	3
5	34	0	0.0298240773	-13.5875978	-12.8289988	-23.3567473	-1.28637704	12.0011275	0	0	0	0	0	0	3
6	39	0	0.0357888928	-10.0788956	-12.3706482	-23.3567473	-1.28637704	12.0011275	0	0	0	0	0	0	3
7	43	0	0.0417537083	-10.9581551	-12.1688635	-23.3567473	-1.28637704	12.0011275	0	0	0	0	0	0	3
8	48	0	0.0477185237	-8.79262279	-11.7468334	-23.3567473	-1.28637704	12.0011275	0	0	0	0	0	0	3
9	52	0	0.0536833392	-8.33847645	-11.3681271	-23.3567473	-1.28637704	12.0011275	0	0	0	0	0	0	3
10	56	0	0.0596481547	-7.42832826	-10.9741472	-23.3567473	-1.28637704	12.0011275	0	0	0	0	0	0	3
11	60	0	0.0656129701	-7.57377362	-10.6650223	-23.3567473	-1.28637704	12.0011275	0	0	0	0	0	0	3
12	64	0	0.0715777856	-7.45496559	-10.3975176	-23.3567473	-1.28637704	12.0011275	0	0	0	0	0	0	3
13	69	0	0.0775426011	-7.46944549	-10.1722813	-23.3567473	-1.28637704	12.0011275	0	0	0	0	0	0	3
14	73	0	0.0835074165	-7.21556974	-9.9610876	-23.3567473	-1.28637704	12.0011275	0	0	0	0	0	0	3
15	78	0	0.089472232	-7.40535799	-9.79070563	-23.3567473	-1.28637704	12.0011275	0	0	0	0	0	0	3
16	82	0	0.0954370475	-7.41695753	-9.64234637	-23.3567473	-1.28637704	12.0011275	0	0	0	0	0	0	3
17	87	0	0.101401863	-7.61024262	-9.52281085	-23.3567473	-1.28637704	12.0011275	0	0	0	0	0	0	3
18	91	0	0.107366678	-7.93424527	-9.43455721	-23.3567473	-1.28637704	12.0011275	0	0	0	0	0	0	3
19	96	0	0.113331494	-8.32779738	-9.37630669	-23.3567473	-1.28637704	12.0011275	0	0	0	0	0	0	3
20	100	0	0.119296309	-8.81899811	-9.34844126	-23.3567473	-1.28637704	12.0011275	0	0	0	0	0	0	3
21	104	0	0.125261125	-8.95859212	-9.32987702	-23.3567473	-1.28637704	12.0011275	0	0	0	0	0	0	3
22	109	0	0.13122594	-9.27415691	-9.32734429	-23.3567473	-1.28637704	12.0011275	0	0	0	0	0	0	3
23	113	0	0.137190756	-9.66556285	-9.34204944	-23.3567473	-1.28637704	12.0011275	0	0	0	0	0	0	3
24	117	0	0.143155571	-9.99954485	-9.36944508	-23.3567473	-1.28637704	12.0011275	0	0	0	0	0	0	3
25	121	0	0.149120387	-10.174828	-9.4016604	-23.3567473	-1.28637704	12.0011275	0	0	0	0	0	0	3
26	126	0	0.155085202	-10.3384114	-9.43768929	-23.3567473	-1.28637704	12.0011275	0	0	0	0	0	0	3
27	130	0	0.161050018	-10.4102753	-9.47371099	-23.3567473	-1.28637704	12.0011275	0	0	0	0	0	0	3
28	135	0	0.167014833	-10.6917008	-9.51721062	-23.3567473	-1.28637704	12.0011275	0	0	0	0	0	0	3
29	139	0	0.172979649	-10.9286418	-9.56588066	-23.3567473	-1.28637704	12.0011275	0	0	0	0	0	0	3
30	143	0	0.178944464	-11.300956	-9.62371651	-23.3567473	-1.28637704	12.0011275	0	0	0	0	0	0	3
31	148	0	0.184909279	-11.413633	-9.68145575	-23.3567473	-1.28637704	12.0011275	0	0	0	0	0	0	3
32	152	0	0.190874095	-11.5103968	-9.73861016	-23.3567473	-1.28637704	12.0011275	0	0	0	0	0	0	3
33	156	0	0.19683891	-11.6786528	-9.79739933	-23.3567473	-1.28637704	12.0011275	0	0	0	0	0	0	3
34	160	0	0.202803726	-11.7486606	-9.85478936	-23.3567473	-1.28637704	12.0011275	0	0	0	0	0	0	3
35	164	0	0.208768541	-11.8430988	-9.9115982	-23.3567473	-1.28637704	12.0011275	0	0	0	0	0	0	3
36	169	0	0.214733357	-11.8917088	-9.96660128	-23.3567473	-1.28637704	12.0011275	0	0	0	0	0	0	3
37	173	0	0.220698172	-11.8195992	-10.0166823	-23.3567473	-1.28637704	12.0011275	0	0	0	0	0	0	3
38	178	0	0.226662988	-11.7348464	-10.0618971	-23.3567473	-1.28637704	12.0011275	0	0	0	0	0	0	3
39	182	0	0.232627803	-11.6114558	-10.1016294	-23.3567473	-1.28637704	12.0011275	0	0	0	0	0	0	3
40	186	0	0.238592619	-11.5153344	-10.136972	-23.3567473	-1.28637704	12.0011275	0	0	0	0	0	0	3
41	191	0	0.244557434	-11.477372	-10.1696647	-23.3567473	-1.28637704	12.0011275	0	0	0	0	0	0	3
42	195	0	0.25052225	-11.4971972	-10.2012726	-23.3567473	-1.28637704	12.0011275	0	0	0	0	0	0	3
43	200	0	0.256487065	-11.5716555	-10.233142	-23.3567473	-1.28637704	12.0011275	0	0	0	0	0	0	3
44	205	0	0.262451881	-11.5859943	-10.2638887	-23.3567473	-1.28637704	12.0011275	0	0	0	0	0	0	3
45	209	0	0.268416696	-11.6491869	-10.2946731	-23.3567473	-1.28637704	12.0011275	0	0	0	0	0	0	3
46	213	0	0.274381511	-11.6687023	-10.3245433	-23.3567473	-1.28637704	12.0011275	0	0	0	0	0	0	3
47	218	0	0.280346327	-11.5608318	-10.3508473	-23.3567473	-1.28637704	12.0011275	0	0	0	0	0	0	3
48	222	0	0.286311142	-11.5844769	-10.3765479	-23.3567473	-1.28637704	12.0011275	0	0	0	0	0	0	3
49	227	0	0.292275958	-11.5332058	-10.4001532	-23.3567473	-1.28637704	12.0011275	0	0	0	0	0	0	3
50	293	0	0.298240773	-11.5093357	-10.4223368	-23.3567473	-1.28637704	12.0011275	0	0	0	0	0	0	3
51	298	0	0.304205589	-11.4564985	-10.4426145	-23.3567473	-1.28637704	12.0011275	0	0	0	0	0	0	3
52	307	0	0.310170404	-11.3809425	-10.4606593	-23.3567473	-1.28637704	12.0011275	0	0	0	0	0	0	3
53	312	0	0.31613522	-11.2973566	-10.476446	-23.3567473	-1.28637704	12.0011275	0	0	0	0	0	0	3
54	317	0	0.322100035	-11.2679679	-10.4911038	-23.3567473	-1.28637704	12.0011275	0	0	0	0	0	0	3
55	321	0	0.328064851	-11.2682115	-10.505233	-23.3567473	-1.28637704	12.0011275	0	0	0	0	0	0	3
56	326	0	0.334029666	-11.2564833	-10.5186482	-23.3567473	-1.28637704	12.0011275	0	0	0	0	0	0	3
57	331	0	0.339994482	-11.2777425	-10.5319657	-23.3567473	-1.28637704	12.0011275	0	0	0	0	0	0	3
58	335	0	0.345959297	-11.316827	-10.5454978	-23.3567473	-1.28637704	12.0011275	0	0	0	0	0	0	3
59	340	0	0.351924113	-11.2532206	-10.5574931	-23.3567473	-1.28637704	12.0011275	0	0	0	0	0	0	3
60	344	0	0.357888928	-11.2403312	-10.5688737	-23.3567473	-1.28637704	12.0011275	0	0	0	0	0	0	3
61	349	0	0.363853743	-11.2681814	-10.5803378	-23.3567473	-1.28637704	12.0011275	0	0	0	0	0	0	3
62	353	0	0.369818559	-11.251297	-10.5911597	-23.3567473	-1.28637704	12.0011275	0	0	0	0	0	0	3
63	358	0	0.375783374	-11.2631966	-10.6018269	-23.3567473	-1.28637704	12.0011275	0	0	0	0	0	0	3
64	362	0	0.38174819	-11.2185974	-10.611464	-23.3567473	-1.28637704	12.0011275	0	0	0	0	0	0	3
65	366	0	0.387713005	-11.2255432	-10.6209113	-23.3567473	-1.28637704	12.0011275	0	0	0	0	0	0	3
66	370	0	0.393677821	-11.1565858	-10.6290276	-23.3567473	-1.28637704	12.0011275	0	0	0	0	0	0	3
67	374	0	0.399642636	-11.2203334	-10.6378531	-23.3567473	-1.28637704	12.0011275	0	0	0	0	0	0	3
68	378	0	0.405607452	-11.1885279	-10.6459512	-23.3567473	-1.28637704	12.0011275	0	0	0	0	0	0	3
69	383	0	0.411572267	-11.2406748	-10.6545704	-23.3567473	-1.28637704	12.0011275	0	0	0	0	0	0	3
70	387	0	0.417537083	-11.1987437	-10.6623443	-23.3567473	-1.28637704	12.0011275	0	0	0	0	0	0	3
71	392	0	0.423501898	-11.1859782	-10.6697195	-23.3567473	-1.28637704	12.0011275	0	0	0	0	0	0	3
72	396	0	0.429466714	-11.1721568	-10.6766978	-23.3567473	-1.28637704	12.0011275	0	0	0	0	0	0	3
73	400	0	0.435431529	-11.1516019	-10.6832033	-23.3567473	-1.28637704	12.0011275	0	0	0	0	0	0	3
74	404	0	0.441396345	-11.1375016	-10.6893425	-23.3567473	-1.28637704	12.0011275	0	0	0	0	0	0	3
75	408	0	0.44736116	-11.0697823	-10.694415	-23.3567473	-1.28637704	12.0011275	0	0	0	0	0	0	3
76	412	0	0.453325975	-11.0138968	-10.6986187	-23.3567473	-1.28637704	12.0011275	0	0	0	0	0	0	3
77	416	0	0.459290791	-10.9738468	-10.7021931	-23.3567473	-1.28637704	12.0011275	0	0	0	0	0	0	3
78	421	0	0.465255606	-11.0036415	-10.7060578	-23.3567473	-1.28637704	12.0011275	0	0	0	0	0	0	3
79	426	0	0.471220422	-11.0370732	-10.7102479	-23.3567473	-1.28637704	12.0011275	0	0	0	0	0	0	3
80	431	0	0.477185237	-11.1544155	-10.7158	-23.3567473	-1.28637704	12.0011275	0	0	0	0	0	0	3
81	435	0	0.483150053	-11.2271357	-10.7221128	-23.3567473	-1.28637704	12.0011275	0	0	0	0	0	0	3
82	440	0	0.489114868	-11.3006481	-10.7291681	-23.3567473	-1.28637704	12.0011275	0	0	0	0	0	0	3
83	445	0	0.495079684	-11.3275647	-10.7363777	-23.3567473	-1.28637704	12.0011275	0	0	0	0	0	0	3
84	449	0	0.501044499	-11.3339624	-10.7434918	-23.3567473	-1.28637704	12.0011275	0	0	0	0	0	0	3
85	454	0	0.507009315	-11.3120088	-10.8628445	-23.3567473	-7.21556974	3.96016025	0	0	0	0	0	0	3
86	458	0	0.51297413	-11.2754665	-10.7190198	-15.2193892	-7.21556974	3.96016025	0	0	0	0	0	0	3
87	463	0	0.518938946	-11.2534289	-10.6718059	-13.5875978	-7.21556974	3.50165446	0	0	0	0	0	0	3
88	467	0	0.524903761	-11.186901	-10.6776633	-13.5875978	-7.21556974	3.50165446	0	0	0	0	0	0	3
89	472	0	0.530868577	-11.1854431	-10.6490662	-11.8917088	-7.21556974	3.04330394	0	0	0	0	0	0	3
90	476	0	0.536833392	-11.1396027	-10.6616937	-11.8917088	-7.21556974	2.84151921	0	0	0	0	0	0	3
91	481	0	0.542798207	-11.1672636	-10.6641831	-11.8917088	-7.21556974	2.41948912	0	0	0	0	0	0	3
92	485	0	0.548763023	-11.1129658	-10.6918062	-11.8917088	-7.21556974	2.04078279	0	0	0	0	0	0	3
93	490	0	0.554727838	-11.096288	-10.7246373	-11.8917088	-7.21556974	1.64680291	0	0	0	0	0	0	3
94	494	0	0.560692654	-11.085424	-10.7681742	-11.8917088	-7.21556974	1.53550024	0	0	0	0	0	0	3
95	499	0	0.566657469	-11.1825345	-10.8111356	-11.8917088	-7.21556974	1.53550024	0	0	0	0	0	0	3
96	503	0	0.572622285	-11.3045866	-10.8569644	-11.8917088	-7.21556974	1.53550024	0	0	0	0	0	0	3
97	508	0	0.5785871	-11.4127501	-10.9039085	-11.8917088	-7.21556974	1.57656423	0	0	0	0	0	0	3
98	512	0	0.584551916	-11.4850498	-10.9547357	-11.8917088	-7.40535799	1.62739137	0	0	0	0	0	0	3
99	517	0	0.590516731	-11.5558479	-11.0041463	-11.8917088	-7.41695753	1.67680197	0	0	0	0	0	0	3
100	521	0	0.596481547	-11.4971908	-11.0527205	-11.8917088	-7.61024262	1.72537617	0	0	0	0	0	0	3
101	528	0	0.602446362	-11.444105	-11.0983617	-11.8917088	-7.93424527	1.77101739	0	0	0	0	0	0	3
102	533	0	0.608411178	-11.2666903	-11.1380336	-11.8917088	-8.32779738	1.81068936	0	0	0	0	0	0	3
103	538	0	0.614375993	-11.1493208	-11.1716232	-11.8917088	-8.81899811	1.84427892	0	0	0	0	0	0	3
104	542	0	0.620340808	-10.9468711	-11.196955	-11.8917088	-8.95859212	1.86961074	0	0	0	0	0	0	3
105	547	0	0.626305624	-10.886729	-11.219909	-11.8917088	-9.27415691	1.89256475	0	0	0	0	0	0	3
106	551	0	0.632270439	-10.8191518	-11.2383018	-11.8917088	-9.66556285	1.8962524	0	0	0	0	0	0	3
107	556	0	0.638235255	-10.8660378	-11.2525932	-11.8917088	-9.99954485	1.88314812	0	0	0	0	0	0	3
108	560	0	0.64420007	-10.9002229	-11.2633156	-11.8917088	-10.174828	1.71688083	0	0	0	0	0	0	3
109	565	0	0.650164886	-11.0851175	-11.2741523	-11.8917088	-10.3384114	1.55329742	0	0	0	0	0	0	3
110	569	0	0.656129701	-11.1817649	-11.2841923	-11.8917088	-10.4102753	1.48143352	0	0	0	0	0	0	3
111	574	0	0.662094517	-11.3367494	-11.2952217	-11.8917088	-10.6917008	1.20000808	0	0	0	0	0	0	3
112	579	0	0.668059332	-11.4220757	-11.3039167	-11.8917088	-10.8191518	1.07255701	0	0	0	0	0	0	3
113	583	0	0.674024148	-11.566038	-11.3115047	-11.8917088	-10.8191518	1.07255701	0	0	0	0	0	0	3
114	588	0	0.679988963	-11.5429272	-11.3143853	-11.8917088	-10.8191518	1.07255701	0	0	0	0	0	0	3
115	592	0	0.685953779	-11.5320845	-11.3157955	-11.8917088	-10.8191518	1.07255701	0	0	0	0	0	0	3
116	597	0	0.691918594	-11.3557697	-11.3139547	-11.8917088	-10.8191518	1.07255701	0	0	0	0	0	0	3
117	602	0	0.69788341	-11.2840503	-11.309257	-11.8917088	-10.8191518	1.07255701	0	0	0	0	0	0	3
118	606	0	0.703848225	-11.0822143	-11.3013231	-11.8917088	-10.8191518	1.07255701	0	0	0	0	0	0	3
119	611	0	0.70981304	-10.9431998	-11.29061	-11.8917088	-10.8191518	1.07255701	0	0	0	0	0	0	3
120	615	0	0.715777856	-10.8404161	-11.2780947	-11.8195992	-10.8191518	1.0004474	0	0	0	0	0	0	3
121	620	0	0.721742671	-10.8162578	-11.2661501	-11.7348464	-10.8162578	0.918588545	0	0	0	0	0	0	3
122	625	0	0.727707487	-10.8158739	-11.25521	-11.6687023	-10.8158739	0.852828357	0	0	0	0	0	0	3
123	629	0	0.733672302	-10.8908676	-11.2466315	-11.6687023	-10.8158739	0.852828357	0	0	0	0	0	0	3
124	634	0	0.739637118	-10.9605654	-11.2400271	-11.6687023	-10.8158739	0.852828357	0	0	0	0	0	0	3
125	638	0	0.745601933	-11.0859741	-11.2353676	-11.6687023	-10.8158739	0.852828357	0	0	0	0	0	0	3
126	643	0	0.751566749	-11.0861105	-11.2304738	-11.6687023	-10.8158739	0.852828357	0	0	0	0	0	0	3
127	648	0	0.757531564	-11.1344343	-11.2252687	-11.6687023	-10.8158739	0.852828357	0	0	0	0	0	0	3
128	652	0	0.76349638	-11.1152035	-11.2196641	-11.6687023	-10.8158739	0.852828357	0	0	0	0	0	0	3
129	657	0	0.769461195	-11.1477237	-11.2136943	-11.6687023	-10.8158739	0.852828357	0	0	0	0	0	0	3
130	661	0	0.775426011	-11.0886117	-11.2067884	-11.5844769	-10.8158739	0.768602995	0	0	0	0	0	0	3
131	666	0	0.781390826	-11.0771608	-11.2010305	-11.5844769	-10.8158739	0.768602995	0	0	0	0	0	0	3
132	670	0	0.787355642	-10.9798365	-11.1938324	-11.566038	-10.8158739	0.750164127	0	0	0	0	0	0	3
133	675	0	0.793320457	-10.984266	-11.1872974	-11.566038	-10.8158739	0.750164127	0	0	0	0	0	0	3
134	679	0	0.799285272	-10.8738005	-11.1797315	-11.566038	-10.8158739	0.750164127	0	0	0	0	0	0	3
135	684	0	0.805250088	-10.8846038	-11.1729232	-11.566038	-10.8158739	0.750164127	0	0	0	0	0	0	3
136	689	0	0.811214903	-10.8805023	-11.1669656	-11.566038	-10.8158739	0.750164127	0	0	0	0	0	0	3
137	693	0	0.817179719	-10.9633718	-11.1629896	-11.566038	-10.8158739	0.750164127	0	0	0	0	0	0	3
138	698	0	0.823144534	-11.0183216	-11.1600176	-11.566038	-10.8158739	0.750164127	0	0	0	0	0	0	3
139	702	0	0.82910935	-11.1791123	-11.1589569	-11.566038	-10.8158739	0.750164127	0	0	0	0	0	0	3
140	707	0	0.835074165	-11.1600953	-11.1578094	-11.566038	-10.8158739	0.750164127	0	0	0	0	0	0	3
141	712	0	0.841038981	-11.3173451	-11.1582809	-11.566038	-10.8158739	0.750164127	0	0	0	0	0	0	3
142	716	0	0.847003796	-11.2754831	-11.1577887	-11.566038	-10.8158739	0.750164127	0	0	0	0	0	0	3
143	721	0	0.852968612	-11.3420145	-11.1588457	-11.566038	-10.8158739	0.746921759	0	0	0	0	0	0	3
144	726	0	0.858933427	-11.2658437	-11.1591495	-11.566038	-10.8158739	0.735457698	0	0	0	0	0	0	3
145	730	0	0.864898243	-11.2299594	-11.1586944	-11.566038	-10.8158739	0.724635774	0	0	0	0	0	0	3
146	735	0	0.870863058	-11.1373157	-11.1573375	-11.566038	-10.8158739	0.713968522	0	0	0	0	0	0	3
147	740	0	0.876827874	-11.0981946	-11.1553732	-11.566038	-10.8158739	0.704331484	0	0	0	0	0	0	3
148	744	0	0.882792689	-10.9812585	-11.1525477	-11.566038	-10.8158739	0.694884112	0	0	0	0	0	0	3
149	749	0	0.888757504	-10.9618623	-11.1494087	-11.566038	-10.8158739	0.686767832	0	0	0	0	0	0	3
150	753	0	0.89472232	-10.8639508	-11.1459249	-11.566038	-10.8158739	0.677942373	0	0	0	0	0	0	3
151	758	0	0.900687135	-10.8959353	-11.1420631	-11.566038	-10.8158739	0.669844214	0	0	0	0	0	0	3
152	762	0	0.906651951	-10.922227	-11.1388928	-11.566038	-10.8158739	0.666729229	0	0	0	0	0	0	3
153	767	0	0.912616766	-10.9906713	-11.1359166	-11.566038	-10.8158739	0.666729229	0	0	0	0	0	0	3
154	771	0	0.918581582	-11.0299041	-11.1339066	-11.566038	-10.8158739	0.666729229	0	0	0	0	0	0	3
155	776	0	0.924546397	-11.1241415	-11.1331704	-11.566038	-10.8158739	0.666729229	0	0	0	0	0	0	3
156	781	0	0.930511213	-11.1778739	-11.1332385	-11.566038	-10.8158739	0.666729229	0	0	0	0	0	0	3
157	785	0	0.936476028	-11.2267687	-11.1341333	-11.566038	-10.8158739	0.666729229	0	0	0	0	0	0	3
158	790	0	0.942440844	-11.2599993	-11.1355916	-11.566038	-10.8158739	0.666729229	0	0	0	0	0	0	3
159	795	0	0.948405659	-11.2847812	-11.1381512	-11.566038	-10.8158739	0.666729229	0	0	0	0	0	0	3
160	799	0	0.954370475	-11.2907204	-11.1414467	-11.566038	-10.8158739	0.666729229	0	0	0	0	0	0	3
161	804	0	0.96033529	-11.3245663	-11.1456219	-11.566038	-10.8158739	0.666729229	0	0	0	0	0	0	3
162	809	0	0.966300106	-11.2564932	-11.148632	-11.566038	-10.8158739	0.666729229	0	0	0	0	0	0	3
163	813	0	0.972264921	-11.2310127	-11.1509408	-11.566038	-10.8158739	0.666729229	0	0	0	0	0	0	3
164	818	0	0.978229736	-11.1431808	-11.1508071	-11.566038	-10.8158739	0.666729229	0	0	0	0	0	0	3
165	822	0	0.984194552	-11.1378855	-11.1497446	-11.566038	-10.8158739	0.666729229	0	0	0	0	0	0	3
166	827	0	0.990159367	-11.0200964	-11.1464047	-11.566038	-10.8158739	0.666729229	0	0	0	0	0	0	3
167	831	0	0.996124183	-10.9209512	-11.1415641	-11.566038	-10.8158739	0.666729229	0	0	0	0	0	0	3
168	836	0	1.002089	-10.8459557	-11.1357545	-11.566038	-10.8158739	0.666729229	0.240114585	0	36	0	0	0	3
169	841	0	1.00805381	-10.8346238	-11.1300713	-11.566038	-10.8158739	0.666729229	0.240114585	0	36	0	0	0	3
170	846	0	1.01401863	-10.8599011	-11.1251241	-11.566038	-10.8158739	0.666729229	0.240114585	0	36	0	0	0	3
171	850	0	1.01998344	-10.9754462	-11.1218148	-11.566038	-10.8158739	0.666729229	0.240114585	0	36	0	0	0	3
172	855	0	1.02594826	-11.0628437	-11.1203379	-11.566038	-10.8158739	0.666729229	0.240114585	0	36	0	0	0	3
173	859	0	1.03191308	-11.2006502	-11.1205189	-11.566038	-10.8158739	0.654101764	0.240114585	0	36.7	0	0	0	3
174	864	0	1.03787789	-11.3235119	-11.1227083	-11.566038	-10.8158739	0.651612378	0.240114585	0	36.8	0	0	0	3
175	869	0	1.04384271	-11.4587743	-11.1261787	-11.566038	-10.8158739	0.623989247	0.240114585	0	38.4	0	0	0	3
176	873	0	1.04980752	-11.5027291	-11.1308187	-11.566038	-10.8158739	0.591158157	0.240114585	0	40.6	0	0	0	3
177	878	0	1.05577234	-11.4974198	-11.1355941	-11.566038	-10.8158739	0.547621303	0.240114585	0	43.8	0	0	0	3
178	883	0	1.06173715	-11.3992391	-11.13933	-11.566038	-10.8158739	0.504659864	0.240114585	0	47.5	0	0	0	3
179	888	0	1.06770197	-11.3053372	-11.1407919	-11.566038	-10.8158739	0.458831042	0.240114585	0	52.3	0	0	0	3
180	892	0	1.07366678	-11.1061938	-11.1384301	-11.566038	-10.8158739	0.41188694	0.240114585	0	58.2	0	0	0	3
181	897	0	1.0796316	-11.0104058	-11.1336403	-11.566038	-10.8158739	0.361059796	0.240114585	0	66.5	0	0	0	3
182	901	0	1.08559641	-10.8174466	-11.1256927	-11.566038	-10.8158739	0.311649202	0.240114585	0	77	0	0	0	3
183	906	0	1.09156123	-10.8016131	-11.1167137	-11.566038	-10.8016131	0.263074996	0.240114585	0	91.2	0	0	0	3
184	911	0	1.09752605	-10.7227172	-11.1074937	-11.566038	-10.7227172	0.217433777	0.240114585	0	100	0	0	0	3
185	915	0	1.10349086	-10.8577308	-11.1005131	-11.566038	-10.7227172	0.215282354	0.240114585	0	100	0	0	0	3
186	920	0	1.10945568	-10.9253201	-11.0964492	-11.566038	-10.7227172	0.219346285	0.240114585	0	100	0	0	0	3
187	925	0	1.11542049	-11.1374505	-11.0963079	-11.566038	-10.7227172	0.219487598	0.240114585	0	100	0	0	0	3
188	929	0	1.12138531	-11.2423809	-11.0998258	-11.566038	-10.7227172	0.219487598	0.240114585	0	100	0	0	0	3
189	934	0	1.12735012	-11.4492171	-11.1065221	-11.566038	-10.7227172	0.219487598	0.240114585	0	100	0	0	0	3
190	939	0	1.13331494	-11.5110561	-11.1147591	-11.566038	-10.7227172	0.219487598	0.240114585	0	100	0	0	0	3
191	944	0	1.13927975	-11.6036261	-11.1235399	-11.6036261	-10.7227172	0.219487598	0.240114585	0	100	0	0	0	3
192	948	0	1.14524457	-11.5232718	-11.1309571	-11.6036261	-10.7227172	0.219487598	0.240114585	0	100	0	0	0	3
193	953	0	1.15120938	-11.40539	-11.1347699	-11.6036261	-10.7227172	0.219487598	0.240114585	0	100	0	0	0	3
194	957	0	1.1571742	-11.2228683	-11.1352592	-11.6036261	-10.7227172	0.219487598	0.240114585	0	100	0	0	0	3
195	962	0	1.16313902	-11.1022729	-11.1324678	-11.6036261	-10.7227172	0.219487598	0.240114585	0	100	0	0	0	3
196	967	0	1.16910383	-10.9375482	-11.1266997	-11.6036261	-10.7227172	0.219487598	0.240114585	0	100	0	0	0	3
197	971	0	1.17506865	-10.8194367	-11.1178115	-11.6036261	-10.7227172	0.219487598	0.240114585	0	100	0	0	0	3
198	976	0	1.18103346	-10.7615329	-11.1085092	-11.6036261	-10.7227172	0.219487598	0.240114585	0	100	0	0	0	3
199	980	0	1.18699828	-10.7707386	-11.0994456	-11.6036261	-10.7227172	0.217646799	0.240114585	0	100	0	0	0	3
200	985	0	1.19296309	-10.8480678	-11.0934015	-11.6036261	-10.7227172	0.215855484	0.240114585	0	100	0	0	0	3
201	991	0	1.19892791	-10.9741345	-11.0897121	-11.6036261	-10.7227172	0.211611075	0.240114585	0	100	0	0	0	3
202	996	0	1.20489272	-11.1474059	-11.0904881	-11.6036261	-10.7227172	0.200897992	0.240114585	0	100	0	0	0	3
203	1000	0	1.21085754	-11.2938217	-11.0946622	-11.6036261	-10.7227172	0.188382603	0.240114585	0	100	0	0	0	3
204	1005	0	1.21682236	-11.452441	-11.1019482	-11.6036261	-10.7227172	0.176438062	0.240114585	0	100	0	0	0	3
205	1009	0	1.22278717	-11.5383975	-11.1105451	-11.6036261	-10.7227172	0.165497914	0.240114585	0	100	0	0	0	3
206	1013	0	1.22875199	-11.4880747	-11.1185475	-11.6036261	-10.7227172	0.156919483	0.240114585	0	100	0	0	0	3
207	1018	0	1.2347168	-11.440974	-11.1250964	-11.6036261	-10.7227172	0.15031509	0.240114585	0	100	0	0	0	3
208	1022	0	1.24068162	-11.2940283	-11.1290662	-11.6036261	-10.7227172	0.145655591	0.240114585	0	100	0	0	0	3
209	1027	0	1.24664643	-11.1959845	-11.1303758	-11.6036261	-10.7227172	0.140761701	0.240114585	0	100	0	0	0	3
210	1031	0	1.25261125	-11.0483356	-11.1299261	-11.6036261	-10.7227172	0.135556687	0.240114585	0	100	0	0	0	3
211	1036	0	1.25857606	-10.9647613	-11.1279062	-11.6036261	-10.7227172	0.129952035	0.240114585	0	100	0	0	0	3
212	1040	0	1.26454088	-10.8950414	-11.1252852	-11.6036261	-10.7227172	0.123982236	0.240114585	0	100	0	0	0	3
213	1044	0	1.27050569	-10.8978699	-11.1223108	-11.6036261	-10.7227172	0.117076396	0.240114585	0	100	0	0	0	3
214	1049	0	1.27647051	-10.9026086	-11.1200965	-11.6036261	-10.7227172	0.111318407	0.240114585	0	100	0	0	0	3
215	1053	0	1.28243533	-11.0162648	-11.1193715	-11.6036261	-10.7227172	0.104120307	0.240114585	0	100	0	0	0	3
216	1058	0	1.28840014	-11.089972	-11.1206827	-11.6036261	-10.7227172	0.0975853088	0.240114585	0	100	0	0	0	3
217	1062	0	1.29436496	-11.182595	-11.1230437	-11.6036261	-10.7227172	0.0900194137	0.240114585	0	100	0	0	0	3
218	1067	0	1.30032977	-11.2490838	-11.1275114	-11.6036261	-10.7227172	0.0832111424	0.240114585	0	100	0	0	0	3
219	1071	0	1.30629459	-11.2442672	-11.1317931	-11.6036261	-10.7227172	0.0772535208	0.240114585	0	100	0	0	0	3
220	1075	0	1.3122594	-11.2057708	-11.1356653	-11.6036261	-10.7227172	0.0732775115	0.240114585	0	100	0	0	0	3
221	1080	0	1.31822422	-11.1810915	-11.1382572	-11.6036261	-10.7227172	0.0703055324	0.240114585	0	100	0	0	0	3
222	1084	0	1.32418903	-11.125264	-11.1395304	-11.6036261	-10.7227172	0.0694374123	0.240114585	0	100	0	0	0	3
223	1088	0	1.33015385	-11.1303674	-11.1389501	-11.6036261	-10.7227172	0.0694374123	0.240114585	0	100	0	0	0	3
224	1093	0	1.33611866	-11.0937362	-11.1381601	-11.6036261	-10.7227172	0.0694374123	0.240114585	0	100	0	0	0	3
225	1097	0	1.34208348	-11.0832054	-11.1353727	-11.6036261	-10.7227172	0.0694374123	0.240114585	0	100	0	0	0	3
226	1102	0	1.3480483	-11.0463484	-11.1326449	-11.6036261	-10.7227172	0.0694374123	0.240114585	0	100	0	0	0	3
227	1106	0	1.35401311	-11.061298	-11.129303	-11.6036261	-10.7227172	0.0694374123	0.240114585	0	100	0	0	0	3
228	1110	0	1.35997793	-10.9909448	-11.1260304	-11.6036261	-10.7227172	0.0689823878	0.240114585	0	100	0	0	0	3
229	1115	0	1.36594274	-11.0242526	-11.1235815	-11.6036261	-10.7227172	0.0676254675	0.240114585	0	100	0	0	0	3
230	1119	0	1.37190756	-11.0009537	-11.1219582	-11.6036261	-10.7227172	0.0656611583	0.240114585	0	100	0	0	0	3
231	1124	0	1.37787237	-11.0594782	-11.1214973	-11.6036261	-10.7227172	0.0628356957	0.240114585	0	100	0	0	0	3
232	1128	0	1.38383719	-10.984133	-11.1215315	-11.6036261	-10.7227172	0.0612287938	0.240114585	0	100	0	0	0	3
233	1133	0	1.389802	-11.0495198	-11.122575	-11.6036261	-10.7227172	0.0612287938	0.240114585	0	100	0	0	0	3
234	1137	0	1.39576682	-10.9756515	-11.1239048	-11.6036261	-10.7227172	0.0612287938	0.240114585	0	100	0	0	0	3
235	1142	0	1.40173163	-11.0483235	-11.1257189	-11.6036261	-10.7227172	0.0612287938	0.240114585	0	100	0	0	0	3
236	1146	0	1.40769645	-11.0796069	-11.1275925	-11.6036261	-10.7227172	0.0612287938	0.240114585	0	100	0	0	0	3
237	1151	0	1.41366127	-11.1385011	-11.1293524	-11.6036261	-10.7227172	0.0612287938	0.240114585	0	100	0	0	0	3
238	1156	0	1.41962608	-11.1683602	-11.1310007	-11.6036261	-10.7227172	0.0612287938	0.240114585	0	100	0	0	0	3
239	1160	0	1.4255909	-11.1980257	-11.1318803	-11.6036261	-10.7227172	0.0612287938	0.240114585	0	100	0	0	0	3
240	1165	0	1.43155571	-11.189601	-11.1320199	-11.6036261	-10.7227172	0.0612287938	0.240114585	0	100	0	0	0	3
241	1170	0	1.43752053	-11.18087	-11.1314735	-11.6036261	-10.7227172	0.0612287938	0.240114585	0	100	0	0	0	3
242	1174	0	1.44348534	-11.1785542	-11.1305039	-11.6036261	-10.7227172	0.0612287938	0.240114585	0	100	0	0	0	3
243	1179	0	1.44945016	-11.1471598	-11.1288655	-11.6036261	-10.7227172	0.0612287938	0.240114585	0	100	0	0	0	3
244	1184	0	1.45541497	-11.1168235	-11.1267953	-11.6036261	-10.7227172	0.0612287938	0.240114585	0	100	0	0	0	3
245	1189	0	1.46137979	-11.0623566	-11.1236738	-11.6036261	-10.7227172	0.0612287938	0.240114585	0	100	0	0	0	3
246	1193	0	1.4673446	-11.0026838	-11.1206522	-11.6036261	-10.7227172	0.0612287938	0.240114585	0	100	0	0	0	3
247	1198	0	1.47330942	-10.9970514	-11.117867	-11.6036261	-10.7227172	0.0610950471	0.240114585	0	100	0	0	0	3
248	1203	0	1.47927424	-11.019088	-11.1163897	-11.6036261	-10.7227172	0.0600325441	0.240114585	0	100	0	0	0	3
249	1207	0	1.48523905	-10.9651778	-11.1143336	-11.6036261	-10.7227172	0.0566926429	0.240114585	0	100	0	0	0	3
250	1212	0	1.49120387	-10.9258399	-11.1132115	-11.6036261	-10.7227172	0.0518520057	0.240114585	0	100	0	0	0	3
251	1217	0	1.49716868	-10.9925326	-11.1140637	-11.6036261	-10.7227172	0.0510798966	0.240114585	0	100	0	0	0	3
252	1222	0	1.5031335	-11.0135062	-11.1160583	-11.6036261	-10.7227172	0.0510798966	0.240114585	0	100	0	0	0	3
253	1226	0	1.50909831	-11.1374069	-11.1196629	-11.6036261	-10.7227172	0.0510798966	0.240114585	0	100	0	0	0	3
254	1231	0	1.51506313	-11.1494831	-11.1231103	-11.6036261	-10.7227172	0.0510798966	0.240114585	0	100	0	0	0	3
255	1236	0	1.52102794	-11.2156443	-11.1259698	-11.6036261	-10.7227172	0.0510798966	0.240114585	0	100	0	0	0	3
256	1240	0	1.52699276	-11.1807755	-11.1273738	-11.6036261	-10.7227172	0.0510798966	0.240114585	0	100	0	0	0	3
257	1245	0	1.53295757	-11.2133225	-11.1275246	-11.6036261	-10.7227172	0.0510798966	0.240114585	0	100	0	0	0	3
258	1250	0	1.53892239	-11.0903533	-11.1247489	-11.6036261	-10.7227172	0.0510798966	0.240114585	0	100	0	0	0	3
259	1255	0	1.54488721	-11.0238865	-11.1195717	-11.6036261	-10.7227172	0.0510798966	0.240114585	0	100	0	0	0	3
260	1259	0	1.55085202	-10.8818857	-11.1121807	-11.6036261	-10.7227172	0.0510798966	0.240114585	0	100	0	0	0	3
261	1264	0	1.55681684	-10.807946	-11.1039727	-11.6036261	-10.7227172	0.0510798966	0.240114585	0	100	0	0	0	3
262	1269	0	1.56278165	-10.6737972	-11.0953365	-11.6036261	-10.6737972	0.0510798966	0.240114585	0	100	0	0	0	3
263	1274	0	1.56874647	-10.7338012	-11.0885325	-11.6036261	-10.6737972	0.0509978909	0.240114585	0	100	0	0	0	3
264	1278	0	1.57471128	-10.7615963	-11.0844301	-11.6036261	-10.6737972	0.0551002423	0.240114585	0	100	0	0	0	3
265	1283	0	1.5806761	-10.9021646	-11.0831415	-11.6036261	-10.6737972	0.0563888273	0.240114585	0	100	0	0	0	3
266	1288	0	1.58664091	-11.0121551	-11.0854595	-11.6036261	-10.6737972	0.0563888273	0.240114585	0	100	0	0	0	3
267	1292	0	1.59260573	-11.1556018	-11.0896736	-11.6036261	-10.6737972	0.0563888273	0.240114585	0	100	0	0	0	3
268	1297	0	1.59857054	-11.3135623	-11.0967075	-11.6036261	-10.6737972	0.0563888273	0.240114585	0	100	0	0	0	3
269	1302	0	1.60453536	-11.3431866	-11.1024867	-11.6036261	-10.6737972	0.0563888273	0.240114585	0	100	0	0	0	3
270	1306	0	1.61050018	-11.367305	-11.1077485	-11.6036261	-10.6737972	0.0563888273	0.240114585	0	100	0	0	0	3
271	1311	0	1.61646499	-11.3397318	-11.1101566	-11.6036261	-10.6737972	0.0563888273	0.240114585	0	100	0	0	0	3
272	1316	0	1.62242981	-11.2435851	-11.1101709	-11.6036261	-10.6737972	0.0563888273	0.240114585	0	100	0	0	0	3
273	1321	0	1.62839462	-11.1458298	-11.1065592	-11.6036261	-10.6737972	0.0563888273	0.240114585	0	100	0	0	0	3
274	1326	0	1.63435944	-11.0710439	-11.1013209	-11.6036261	-10.6737972	0.0563888273	0.240114585	0	100	0	0	0	3
275	1330	0	1.64032425	-10.9955675	-11.0940821	-11.5383975	-10.6737972	0.0563888273	0.240114585	0	100	0	0	0	3
276	1335	0	1.64628907	-10.9595167	-11.0873708	-11.5383975	-10.6737972	0.0563888273	0.240114585	0	100	0	0	0	3
277	1340	0	1.65225388	-10.9349097	-11.0817698	-11.5383975	-10.6737972	0.0577605537	0.240114585	0	100	0	0	0	3
278	1345	0	1.6582187	-10.9774645	-11.0788483	-11.5383975	-10.6737972	0.0606820272	0.240114585	0	100	0	0	0	3
279	1349	0	1.66418352	-11.0226787	-11.0779008	-11.5383975	-10.6737972	0.0616295776	0.240114585	0	100	0	0	0	3
280	1354	0	1.67014833	-11.101114	-11.079848	-11.5383975	-10.6737972	0.0616295776	0.240114585	0	100	0	0	0	3
281	1359	0	1.67611315	-11.1840407	-11.0841885	-11.5383975	-10.6737972	0.0616295776	0.240114585	0	100	0	0	0	3
282	1364	0	1.68207796	-11.2528188	-11.0900372	-11.5383975	-10.6737972	0.0616295776	0.240114585	0	100	0	0	0	3
283	1368	0	1.68804278	-11.312337	-11.0964848	-11.5383975	-10.6737972	0.0616295776	0.240114585	0	100	0	0	0	3
284	1373	0	1.69400759	-11.3642414	-11.1026297	-11.5383975	-10.6737972	0.0616295776	0.240114585	0	100	0	0	0	3
285	1378	0	1.69997241	-11.3355833	-11.1069326	-11.5383975	-10.6737972	0.0616295776	0.240114585	0	100	0	0	0	3
286	1382	0	1.70593722	-11.2694416	-11.1083854	-11.5383975	-10.6737972	0.0616295776	0.240114585	0	100	0	0	0	3
287	1387	0	1.71190204	-11.1837972	-11.1070756	-11.5383975	-10.6737972	0.0616295776	0.240114585	0	100	0	0	0	3
288	1392	0	1.71786685	-11.1010489	-11.1028924	-11.5383975	-10.6737972	0.0616295776	0.240114585	0	100	0	0	0	3
289	1397	0	1.72383167	-10.9909162	-11.0963748	-11.4880747	-10.6737972	0.0616295776	0.240114585	0	100	0	0	0	3
290	1402	0	1.72979649	-11.0331254	-11.0909587	-11.440974	-10.6737972	0.0616295776	0.240114585	0	100	0	0	0	3
291	1406	0	1.7357613	-11.0108167	-11.0858378	-11.367305	-10.6737972	0.0616295776	0.240114585	0	100	0	0	0	3
292	1411	0	1.74172612	-11.1142532	-11.0836976	-11.367305	-10.6737972	0.0616295776	0.240114585	0	100	0	0	0	3
293	1416	0	1.74769093	-11.1362973	-11.082987	-11.367305	-10.6737972	0.0616295776	0.240114585	0	100	0	0	0	3
294	1421	0	1.75365575	-11.1938728	-11.0847196	-11.367305	-10.6737972	0.0616295776	0.240114585	0	100	0	0	0	3
295	1425	0	1.75962056	-11.2181673	-11.0877364	-11.367305	-10.6737972	0.0616295776	0.240114585	0	100	0	0	0	3
296	1430	0	1.76558538	-11.2431189	-11.0918801	-11.367305	-10.6737972	0.0616295776	0.240114585	0	100	0	0	0	3
297	1435	0	1.77155019	-11.1688186	-11.0951057	-11.367305	-10.6737972	0.0616295776	0.240114585	0	100	0	0	0	3
298	1439	0	1.77751501	-11.1169732	-11.0976577	-11.367305	-10.6737972	0.0616295776	0.240114585	0	100	0	0	0	3
299	1444	0	1.78347982	-11.1354312	-11.0990763	-11.367305	-10.6737972	0.0616295776	0.240114585	0	100	0	0	0	3
300	1449	0	1.78944464	-11.0646763	-11.0987752	-11.367305	-10.6737972	0.0616295776	0.240114585	0	100	0	0	0	3
301	1456	0	1.79540946	-11.0791182	-11.0975433	-11.367305	-10.6737972	0.0616295776	0.240114585	0	100	0	0	0	3
302	1461	0	1.80137427	-11.0548301	-11.0952308	-11.367305	-10.6737972	0.0616295776	0.240114585	0	100	0	0	0	3
303	1466	0	1.80733909	-11.0463262	-11.0928743	-11.367305	-10.6737972	0.0616295776	0.240114585	0	100	0	0	0	3
304	1470	0	1.8133039	-11.065677	-11.0912065	-11.367305	-10.6737972	0.0616295776	0.240114585	0	100	0	0	0	3
305	1476	0	1.81926872	-11.1344893	-11.0906518	-11.367305	-10.6737972	0.0616295776	0.240114585	0	100	0	0	0	3
306	1481	0	1.82523353	-11.1402557	-11.0908302	-11.367305	-10.6737972	0.0610492812	0.240114585	0	100	0	0	0	3
307	1486	0	1.83119835	-11.2036804	-11.091703	-11.367305	-10.6737972	0.0602592919	0.240114585	0	100	0	0	0	3
308	1491	0	1.83716316	-11.1856304	-11.092797	-11.367305	-10.6737972	0.0574719137	0.240114585	0	100	0	0	0	3
309	1496	0	1.84312798	-11.1047191	-11.0930531	-11.367305	-10.6737972	0.0547441196	0.240114585	0	100	0	0	0	3
310	1501	0	1.84909279	-11.0958562	-11.0936425	-11.367305	-10.6737972	0.0541190885	0.240114585	0	100	0	0	0	3
311	1506	0	1.85505761	-11.0611311	-11.0936405	-11.367305	-10.6737972	0.0541190885	0.240114585	0	100	0	0	0	3
312	1510	0	1.86102243	-11.0431017	-11.0942614	-11.367305	-10.6737972	0.0541190885	0.240114585	0	100	0	0	0	3
313	1515	0	1.86698724	-11.0458029	-11.094518	-11.367305	-10.6737972	0.0541190885	0.240114585	0	100	0	0	0	3
314	1520	0	1.87295206	-11.0365686	-11.0949419	-11.367305	-10.6737972	0.0541190885	0.240114585	0	100	0	0	0	3
315	1525	0	1.87891687	-11.0516022	-11.0948482	-11.367305	-10.6737972	0.0541190885	0.240114585	0	100	0	0	0	3
316	1530	0	1.88488169	-11.0641718	-11.095801	-11.367305	-10.6737972	0.0541190885	0.240114585	0	100	0	0	0	3
317	1535	0	1.8908465	-11.1530921	-11.097034	-11.367305	-10.6737972	0.0541190885	0.240114585	0	100	0	0	0	3
318	1539	0	1.89681132	-11.2031483	-11.0997423	-11.367305	-10.6737972	0.0541190885	0.240114585	0	100	0	0	0	3
319	1544	0	1.90277613	-11.1603404	-11.1010759	-11.367305	-10.6737972	0.0541190885	0.240114585	0	100	0	0	0	3
320	1549	0	1.90874095	-11.1771512	-11.1022371	-11.367305	-10.6737972	0.0541190885	0.240114585	0	100	0	0	0	3
321	1554	0	1.91470576	-11.0951046	-11.1017205	-11.367305	-10.6737972	0.0541190885	0.240114585	0	100	0	0	0	3
322	1559	0	1.92067058	-11.0223187	-11.0999819	-11.367305	-10.6737972	0.0541190885	0.240114585	0	100	0	0	0	3
323	1564	0	1.9266354	-10.9764811	-11.0973444	-11.367305	-10.6737972	0.0541190885	0.240114585	0	100	0	0	0	3
324	1568	0	1.93260021	-10.8695368	-11.0935342	-11.367305	-10.6737972	0.0535726749	0.240114585	0	100	0	0	0	3
325	1573	0	1.93856503	-10.8716388	-11.0898528	-11.367305	-10.6737972	0.0526030903	0.240114585	0	100	0	0	0	3
326	1578	0	1.94452984	-10.8498651	-11.0859399	-11.367305	-10.6737972	0.0509647402	0.240114585	0	100	0	0	0	3
327	1583	0	1.95049466	-10.8569854	-11.0824854	-11.367305	-10.6737972	0.0496238456	0.240114585	0	100	0	0	0	3
328	1588	0	1.95645947	-10.9298374	-11.0802594	-11.367305	-10.6737972	0.0496238456	0.240114585	0	100	0	0	0	3
329	1592	0	1.96242429	-11.0234558	-11.0797963	-11.367305	-10.6737972	0.0496238456	0.240114585	0	100	0	0	0	3
330	1597	0	1.9683891	-11.0487952	-11.0803452	-11.367305	-10.6737972	0.0496238456	0.240114585	0	100	0	0	0	3
331	1602	0	1.97435392	-11.1630378	-11.0823213	-11.367305	-10.6737972	0.0496238456	0.240114585	0	100	0	0	0	3
332	1607	0	1.98031873	-11.2213841	-11.0847295	-11.367305	-10.6737972	0.0496238456	0.240114585	0	100	0	0	0	3
333	1612	0	1.98628355	-11.2934722	-11.0886378	-11.367305	-10.6737972	0.0496238456	0.240114585	0	100	0	0	0	3
334	1616	0	1.99224837	-11.2811207	-11.0928673	-11.367305	-10.6737972	0.0496238456	0.240114585	0	100	0	0	0	3
335	1621	0	1.99821318	-11.3041368	-11.0965769	-11.367305	-10.6737972	0.0496238456	0.240114585	0	100	0	0	0	3
336	1626	0	2.004178	-11.2449997	-11.0993328	-11.367305	-10.6737972	0.0496238456	0.240114585	0	100	0	0	0	3
337	1631	0	2.01014281	-11.236742	-11.1005154	-11.367305	-10.6737972	0.0496238456	0.240114585	0	100	0	0	0	3
338	1636	0	2.01610763	-11.2153624	-11.1012996	-11.367305	-10.6737972	0.0496238456	0.240114585	0	100	0	0	0	3
339	1640	0	2.02207244	-11.170659	-11.1007641	-11.367305	-10.6737972	0.0496238456	0.240114585	0	100	0	0	0	3
340	1645	0	2.02803726	-11.1254348	-11.1001053	-11.367305	-10.6737972	0.0496238456	0.240114585	0	100	0	0	0	3
341	1650	0	2.03400207	-11.1105093	-11.0988813	-11.367305	-10.6737972	0.0468481477	0.240114585	0	100	0	0	0	3
342	1655	0	2.03996689	-11.0943541	-11.0989289	-11.367305	-10.6737972	0.0416709126	0.240114585	0	100	0	0	0	3
343	1660	0	2.0459317	-11.1222704	-11.1001002	-11.367305	-10.6737972	0.0342799203	0.240114585	0	100	0	0	0	3
344	1665	0	2.05189652	-11.1498574	-11.1032903	-11.367305	-10.6737972	0.0322701374	0.240114585	0	100	0	0	0	3
345	1670	0	2.05786134	-11.1405314	-11.1072497	-11.367305	-10.6737972	0.0322701374	0.240114585	0	100	0	0	0	3
346	1675	0	2.06382615	-11.1589834	-11.1130257	-11.367305	-10.7338012	0.0351249154	0.240114585	0	100	0	0	0	3
347	1680	0	2.06979097	-11.2035669	-11.1186181	-11.367305	-10.7615963	0.0407173647	0.240114585	0	100	0	0	0	3
348	1685	0	2.07575578	-11.1586749	-11.1233453	-11.367305	-10.8498651	0.0454444912	0.240114585	0	100	0	0	0	3
349	1690	0	2.0817206	-11.136566	-11.1261358	-11.367305	-10.8498651	0.0482349835	0.240114585	0	100	0	0	0	3
350	1694	0	2.08768541	-11.0646351	-11.1267605	-11.367305	-10.8498651	0.0488597447	0.240114585	0	100	0	0	0	3
351	1699	0	2.09365023	-11.0252238	-11.1252084	-11.367305	-10.8498651	0.0488597447	0.240114585	0	100	0	0	0	3
352	1704	0	2.09961504	-11.0098371	-11.1215926	-11.367305	-10.8498651	0.0488597447	0.240114585	0	100	0	0	0	3
353	1709	0	2.10557986	-10.9861357	-11.117342	-11.367305	-10.8498651	0.0488597447	0.240114585	0	100	0	0	0	3
354	1715	0	2.11154468	-10.9722048	-11.1126384	-11.3642414	-10.8498651	0.0488597447	0.240114585	0	100	0	0	0	3
355	1720	0	2.11750949	-10.9523005	-11.1080262	-11.3642414	-10.8498651	0.0488597447	0.240114585	0	100	0	0	0	3
356	1724	0	2.12347431	-11.0316133	-11.1055027	-11.3642414	-10.8498651	0.0488597447	0.240114585	0	100	0	0	0	3
357	1729	0	2.12943912	-11.1047149	-11.1050132	-11.3642414	-10.8498651	0.0488597447	0.240114585	0	100	0	0	0	3
358	1734	0	2.13540394	-11.1853898	-11.1063745	-11.3642414	-10.8498651	0.0488597447	0.240114585	0	100	0	0	0	3
359	1739	0	2.14136875	-11.2364582	-11.1092422	-11.3642414	-10.8498651	0.0488597447	0.240114585	0	100	0	0	0	3
360	1744	0	2.14733357	-11.2134049	-11.1122647	-11.3642414	-10.8498651	0.0488597447	0.240114585	0	100	0	0	0	3
361	1749	0	2.15329838	-11.2058677	-11.1154904	-11.3642414	-10.8498651	0.0488597447	0.240114585	0	100	0	0	0	3
362	1754	0	2.1592632	-11.1657988	-11.1177325	-11.3642414	-10.8498651	0.0488597447	0.240114585	0	100	0	0	0	3
363	1758	0	2.16522801	-11.0968029	-11.1186149	-11.3642414	-10.8498651	0.0469642348	0.240114585	0	100	0	0	0	3
364	1763	0	2.17119283	-10.9540252	-11.1168639	-11.3642414	-10.8498651	0.0469642348	0.240114585	0	100	0	0	0	3
365	1768	0	2.17715765	-10.9097194	-11.1135981	-11.3642414	-10.8498651	0.0469642348	0.240114585	0	100	0	0	0	3
366	1773	0	2.18312246	-10.8033829	-11.1082477	-11.3642414	-10.8033829	0.0469642348	0.240114585	0	100	0	0	0	3
367	1778	0	2.18908728	-10.7452743	-11.101497	-11.3642414	-10.7452743	0.0469642348	0.240114585	0	100	0	0	0	3
368	1783	0	2.19505209	-10.7349793	-11.0940057	-11.3355833	-10.7349793	0.0469642348	0.240114585	0	100	0	0	0	3
369	1788	0	2.20101691	-10.7801449	-11.0873934	-11.3041368	-10.7349793	0.0469642348	0.240114585	0	100	0	0	0	3
370	1792	0	2.20698172	-10.8725943	-11.082669	-11.3041368	-10.7349793	0.0469642348	0.240114585	0	100	0	0	0	3
371	1797	0	2.21294654	-11.0260725	-11.0807913	-11.3041368	-10.7349793	0.0469642348	0.240114585	0	100	0	0	0	3
372	1802	0	2.21891135	-11.1238545	-11.0810628	-11.3041368	-10.7349793	0.0469642348	0.240114585	0	100	0	0	0	3
373	1807	0	2.22487617	-11.2451035	-11.0840889	-11.3041368	-10.7349793	0.0469642348	0.240114585	0	100	0	0	0	3
374	1812	0	2.23084098	-11.3440757	-11.0877907	-11.3440757	-10.7349793	0.0469642348	0.240114585	0	100	0	0	0	3
375	1817	0	2.2368058	-11.3662753	-11.0920223	-11.3662753	-10.7349793	0.0469642348	0.240114585	0	100	0	0	0	3
376	1822	0	2.24277062	-11.3071881	-11.0943191	-11.3662753	-10.7349793	0.0469642348	0.240114585	0	100	0	0	0	3
377	1827	0	2.24873543	-11.3267334	-11.0965862	-11.3662753	-10.7349793	0.0469642348	0.240114585	0	100	0	0	0	3
378	1831	0	2.25470025	-11.2414523	-11.0971527	-11.3662753	-10.7349793	0.0469642348	0.240114585	0	100	0	0	0	3
379	1836	0	2.26066506	-11.2668517	-11.0977322	-11.3662753	-10.7349793	0.0469642348	0.240114585	0	100	0	0	0	3
380	1841	0	2.26662988	-11.2041355	-11.0972682	-11.3662753	-10.7349793	0.0469642348	0.240114585	0	100	0	0	0	3
381	1846	0	2.27259469	-11.1741904	-11.0973321	-11.3662753	-10.7349793	0.0469642348	0.240114585	0	100	0	0	0	3
382	1851	0	2.27855951	-11.1787852	-11.098068	-11.3662753	-10.7349793	0.0469642348	0.240114585	0	100	0	0	0	3
383	1856	0	2.28452432	-11.2083928	-11.0989366	-11.3662753	-10.7349793	0.0469642348	0.240114585	0	100	0	0	0	3
384	1860	0	2.29048914	-11.193157	-11.1004661	-11.3662753	-10.7349793	0.0469642348	0.240114585	0	100	0	0	0	3
385	1865	0	2.29645395	-11.2625207	-11.1026494	-11.3662753	-10.7349793	0.0469642348	0.240114585	0	100	0	0	0	3
386	1870	0	2.30241877	-11.2894031	-11.105442	-11.3662753	-10.7349793	0.0469642348	0.240114585	0	100	0	0	0	3
387	1875	0	2.30838359	-11.3047686	-11.1085187	-11.3662753	-10.7349793	0.0469642348	0.240114585	0	100	0	0	0	3
388	1880	0	2.3143484	-11.2812679	-11.1110852	-11.3662753	-10.7349793	0.0469642348	0.240114585	0	100	0	0	0	3
389	1885	0	2.32031322	-11.3078139	-11.1131486	-11.3662753	-10.7349793	0.0469642348	0.240114585	0	100	0	0	0	3
390	1890	0	2.32627803	-11.3161736	-11.1152429	-11.3662753	-10.7349793	0.0469642348	0.240114585	0	100	0	0	0	3
391	1895	0	2.33224285	-11.3165884	-11.116587	-11.3662753	-10.7349793	0.0469642348	0.240114585	0	100	0	0	0	3
392	1900	0	2.33820766	-11.3084042	-11.1180486	-11.3662753	-10.7349793	0.0469642348	0.240114585	0	100	0	0	0	3
393	1905	0	2.34417248	-11.2798432	-11.1201334	-11.3662753	-10.7349793	0.0469642348	0.240114585	0	100	0	0	0	3
394	1910	0	2.35013729	-11.1913128	-11.1212698	-11.3662753	-10.7349793	0.0469642348	0.240114585	0	100	0	0	0	3
395	1915	0	2.35610211	-11.1874965	-11.1227742	-11.3662753	-10.7349793	0.0469642348	0.240114585	0	100	0	0	0	3
396	1920	0	2.36206692	-11.1115356	-11.1235889	-11.3662753	-10.7349793	0.0469642348	0.240114585	0	100	0	0	0	3
397	1925	0	2.36803174	-11.0790513	-11.1239847	-11.3662753	-10.7349793	0.0469642348	0.240114585	0	100	0	0	0	3
398	1929	0	2.37399656	-10.9978458	-11.1235237	-11.3662753	-10.7349793	0.0469642348	0.240114585	0	100	0	0	0	3
399	1934	0	2.37996137	-11.0125828	-11.1230592	-11.3662753	-10.7349793	0.0469642348	0.240114585	0	100	0	0	0	3
400	1940	0	2.38592619	-10.9619466	-11.1218422	-11.3662753	-10.7349793	0.0469642348	0.240114585	0	100	0	0	0	3
401	1948	0	2.391891	-10.9714008	-11.1196792	-11.3662753	-10.7349793	0.0469642348	0.240114585	0	100	0	0	0	3
402	1953	0	2.39785582	-10.921991	-11.1163321	-11.3662753	-10.7349793	0.0469642348	0.240114585	0	100	0	0	0	3
403	1958	0	2.40382063	-10.8987091	-11.1132174	-11.3662753	-10.7349793	0.0469642348	0.240114585	0	100	0	0	0	3
404	1963	0	2.40978545	-10.9029682	-11.1099534	-11.3662753	-10.7349793	0.0469642348	0.240114585	0	100	0	0	0	3
405	1968	0	2.41575026	-10.9004101	-11.1076356	-11.3662753	-10.7349793	0.0469642348	0.240114585	0	100	0	0	0	3
406	1973	0	2.42171508	-10.9423802	-11.1066839	-11.3662753	-10.7349793	0.0469642348	0.240114585	0	100	0	0	0	3
407	1979	0	2.42767989	-11.000173	-11.106966	-11.3662753	-10.7349793	0.0469642348	0.240114585	0	100	0	0	0	3
408	1984	0	2.43364471	-11.0777082	-11.1094442	-11.3662753	-10.7349793	0.0469642348	0.240114585	0	100	0	0	0	3
409	1989	0	2.43960953	-11.1498111	-11.1127558	-11.3662753	-10.7349793	0.0469642348	0.240114585	0	100	0	0	0	3
410	1994	0	2.44557434	-11.1946339	-11.1168602	-11.3662753	-10.7349793	0.0469642348	0.240114585	0	100	0	0	0	3
411	1999	0	2.45153916	-11.1974677	-11.1209135	-11.3662753	-10.7349793	0.0469642348	0.240114585	0	100	0	0	0	3
412	2004	0	2.45750397	-11.0881147	-11.1227978	-11.3662753	-10.7349793	0.0469642348	0.240114585	0	100	0	0	0	3
413	2009	0	2.46346879	-11.0363601	-11.1229514	-11.3662753	-10.7349793	0.0464152892	0.240114585	0	100	0	0	0	3
414	2014	0	2.4694336	-10.9066679	-11.1212594	-11.3662753	-10.7349793	0.0459691897	0.240114585	0	100	0	0	0	3
415	2019	0	2.47539842	-10.8379417	-11.1173892	-11.3662753	-10.7349793	0.0459691897	0.240114585	0	100	0	0	0	3
416	2024	0	2.48136323	-10.7891223	-11.1122432	-11.3662753	-10.7349793	0.0459691897	0.240114585	0	100	0	0	0	3
417	2029	0	2.48732805	-10.8349674	-11.1067849	-11.3662753	-10.7349793	0.0459691897	0.240114585	0	100	0	0	0	3
418	2034	0	2.49329286	-10.8583176	-11.1017515	-11.3662753	-10.7349793	0.0459691897	0.240114585	0	100	0	0	0	3
419	2039	0	2.49925768	-10.9695421	-11.0977682	-11.3662753	-10.7349793	0.0459691897	0.240114585	0	100	0	0	0	3
420	2044	0	2.5052225	-11.0966247	-11.0960018	-11.3662753	-10.7349793	0.0459691897	0.240114585	0	100	0	0	0	3
421	2049	0	2.51118731	-11.1789182	-11.0953135	-11.3662753	-10.7349793	0.0459691897	0.240114585	0	100	0	0	0	3
422	2054	0	2.51715213	-11.261909	-11.0958676	-11.3662753	-10.7349793	0.0459691897	0.240114585	0	100	0	0	0	3
423	2060	0	2.52311694	-11.3549281	-11.0980613	-11.3662753	-10.7349793	0.0459691897	0.240114585	0	100	0	0	0	3
424	2065	0	2.52908176	-11.3606839	-11.1008619	-11.3662753	-10.7349793	0.0459691897	0.240114585	0	100	0	0	0	3
425	2070	0	2.53504657	-11.386027	-11.1041418	-11.386027	-10.7349793	0.0459691897	0.240114585	0	100	0	0	0	3
426	2075	0	2.54101139	-11.3397896	-11.1070637	-11.386027	-10.7349793	0.0459691897	0.240114585	0	100	0	0	0	3
427	2081	0	2.5469762	-11.2745775	-11.1088769	-11.386027	-10.7349793	0.0459691897	0.240114585	0	100	0	0	0	3
428	2086	0	2.55294102	-11.1608683	-11.1090079	-11.386027	-10.7349793	0.0459691897	0.240114585	0	100	0	0	0	3
429	2091	0	2.55890584	-11.0861402	-11.1083604	-11.386027	-10.7349793	0.0459691897	0.240114585	0	100	0	0	0	3
430	2096	0	2.56487065	-11.0050487	-11.1065279	-11.386027	-10.7349793	0.0459691897	0.240114585	0	100	0	0	0	3
431	2101	0	2.57083547	-10.9864246	-11.1039428	-11.386027	-10.7349793	0.0459691897	0.240114585	0	100	0	0	0	3
432	2106	0	2.57680028	-10.9847122	-11.1018719	-11.386027	-10.7349793	0.0459691897	0.240114585	0	100	0	0	0	3
