Iteration	CPUTime	PhysTime	Travels	Value	AvValue	MinValue	MaxValue	Delta	Criteria	Progress	dGMaxMin	CriteriaType	CriteriaVarType	CriteriaPercentage
1	4	0	0.00929736107	293.200116	293.200116	293.200116	293.200116	0	0	0	0	1.05364	0	0	3
2	5	0	0.0185947221	293.200145	293.200131	293.200116	293.200145	1.43823933e-05	0	0	0	1.04489	0	0	3
3	7	0	0.0278920832	293.200169	293.200144	293.200116	293.200169	2.72204619e-05	0	0	0	0.835967	0	0	3
4	8	0	0.0371894443	293.200187	293.200154	293.200116	293.200187	3.80770605e-05	0	0	0	0.614706	0	0	3
5	10	0	0.0464868054	293.200205	293.200164	293.200116	293.200205	4.81186937e-05	0	0	0	0.513253	0	0	3
6	11	0	0.0557841664	293.200233	293.200176	293.200116	293.200233	5.94677072e-05	0	0	0	0.478235	0	0	3
7	12	0	0.0650815275	293.200267	293.200189	293.200116	293.200267	7.24424248e-05	0	0	0	0.420721	0	0	3
8	14	0	0.0743788886	293.200303	293.200203	293.200116	293.200303	8.67029526e-05	0	0	0	0.436673	0	0	3
9	15	0	0.0836762496	293.200338	293.200218	293.200116	293.200338	0.00010167083	0	0	0	0.450907	0	0	3
10	16	0	0.0929736107	293.200371	293.200233	293.200116	293.200371	0.000116965011	0	0	0	0.43855	0	0	3
11	18	0	0.102270972	293.200422	293.20025	293.200116	293.200422	0.000134103283	0	0	0	0.421326	0	0	3
12	19	0	0.111568333	293.200471	293.200269	293.200116	293.200471	0.000152502985	0	0	0	0.416389	0	0	3
13	20	0	0.120865694	293.200524	293.200288	293.200116	293.200524	0.000172111529	0	0	0	0.406873	0	0	3
14	22	0	0.130163055	293.200575	293.200309	293.200116	293.200575	0.000192580258	0	0	0	0.400069	0	0	3
15	23	0	0.139460416	293.200626	293.20033	293.200116	293.200626	0.000213734883	0	0	0	0.393088	0	0	3
16	25	0	0.148757777	293.200701	293.200353	293.200116	293.200701	0.000236944694	0	0	0	0.390351	0	0	3
17	26	0	0.158055138	293.200777	293.200378	293.200116	293.200777	0.000261862786	0	0	0	0.39203	0	0	3
18	27	0	0.167352499	293.200851	293.200404	293.200116	293.200851	0.000288101468	0	0	0	0.402711	0	0	3
19	29	0	0.17664986	293.200923	293.200432	293.200116	293.200923	0.000315394947	0	0	0	0.404444	0	0	3
20	30	0	0.185947221	293.200994	293.20046	293.200116	293.200994	0.000343522479	0	0	0	0.404395	0	0	3
21	31	0	0.195244582	293.201099	293.20049	293.200116	293.201099	0.000373942078	0	0	0	0.406014	0	0	3
22	33	0	0.204541944	293.2012	293.200523	293.200116	293.2012	0.000406199826	0	0	0	0.415514	0	0	3
23	34	0	0.213839305	293.201299	293.200556	293.200116	293.201299	0.000439952022	0	0	0	0.412836	0	0	3
24	35	0	0.223136666	293.201396	293.200591	293.200116	293.201396	0.000474920813	0	0	0	0.41409	0	0	3
25	37	0	0.232434027	293.201489	293.200627	293.200116	293.201489	0.000510819506	0	0	0	0.412208	0	0	3
26	38	0	0.241731388	293.201622	293.200665	293.200116	293.201622	0.000549062602	0	0	0	0.413688	0	0	3
27	40	0	0.251028749	293.201747	293.200706	293.200116	293.201747	0.00058913022	0	0	0	0.412736	0	0	3
28	41	0	0.26032611	293.201866	293.200747	293.200116	293.201866	0.000630564736	0	0	0	0.409786	0	0	3
29	43	0	0.269623471	293.201977	293.200789	293.200116	293.201977	0.000672965051	0	0	0	0.411283	0	0	3
30	44	0	0.278920832	293.202079	293.200832	293.200116	293.202079	0.000715942796	0	0	0	0.407609	0	0	3
31	46	0	0.288218193	293.202208	293.200877	293.200116	293.202208	0.000760319304	0	0	0	0.409891	0	0	3
32	47	0	0.297515554	293.202321	293.200922	293.200116	293.202321	0.000805446943	0	0	0	0.405526	0	0	3
33	49	0	0.306812915	293.202419	293.200967	293.200116	293.202419	0.000850820577	0	0	0	0.44904	0	0	3
34	50	0	0.316110276	293.202504	293.201012	293.200116	293.202504	0.000896024291	0	0	0	0.401592	0	0	3
35	51	0	0.325407637	293.202577	293.201057	293.200116	293.202577	0.000940723176	0	0	0	0.445455	0	0	3
36	53	0	0.334704999	293.20266	293.201102	293.200116	293.20266	0.000985261316	0	0	0	0.399123	0	0	3
37	54	0	0.34400236	293.202729	293.201146	293.200116	293.202729	0.00102925162	0	0	0	0.410956	0	0	3
38	56	0	0.353299721	293.202784	293.201189	293.200116	293.202784	0.00107237357	0	0	0	0.392423	0	0	3
39	57	0	0.362597082	293.20283	293.201231	293.200116	293.20283	0.00111444531	0	0	0	0.416612	0	0	3
40	59	0	0.371894443	293.202864	293.201272	293.200116	293.202864	0.00115526997	0	0	0	0.387699	0	0	3
41	60	0	0.381191804	293.202902	293.201311	293.200116	293.202902	0.00119503001	0	0	0	0.385004	0	0	3
42	62	0	0.390489165	293.202933	293.20135	293.200116	293.202933	0.00123364459	0	0	0	0.381661	0	0	3
43	63	0	0.399786526	293.202962	293.201387	293.200116	293.202962	0.00127112343	0	0	0	0.379679	0	0	3
44	64	0	0.409083887	293.20299	293.201424	293.200116	293.20299	0.00130754355	0	0	0	0.370281	0	0	3
45	66	0	0.418381248	293.203014	293.201459	293.200116	293.203014	0.00134287218	0	0	0	0.395632	0	0	3
46	68	0	0.427678609	293.203036	293.201494	293.200116	293.203036	0.00137714822	0	0	0	0.413875	0	0	3
47	69	0	0.43697597	293.203054	293.201527	293.200116	293.203054	0.00141034447	0	0	0	0.36223	0	0	3
48	70	0	0.446273331	293.203067	293.201559	293.200116	293.203067	0.00144242902	0	0	0	0.360582	0	0	3
49	72	0	0.455570692	293.20308	293.20159	293.200116	293.20308	0.001473481	0	0	0	0.364027	0	0	3
50	73	0	0.464868054	293.203093	293.20162	293.200116	293.203093	0.00150354109	0	0	0	0.370521	0	0	3
51	75	0	0.474165415	293.203102	293.201649	293.200116	293.203102	0.00153260227	0	0	0	0.375425	0	0	3
52	77	0	0.483462776	293.203111	293.201677	293.200116	293.203111	0.00156072405	0	0	0	0.380009	0	0	3
53	78	0	0.492760137	293.203122	293.201704	293.200116	293.203122	0.00158798947	0	0	0	0.383583	0	0	3
54	79	0	0.502057498	293.203133	293.201731	293.200116	293.203133	0.00161443737	0	0	0	0.387862	0	0	3
55	81	0	0.511354859	293.203142	293.201787	293.200145	293.203142	0.00165608346	0	0	0	0.390668	0	0	3
56	82	0	0.52065222	293.203147	293.201842	293.200169	293.203147	0.00169884378	0	0	0	0.38918	0	0	3
57	84	0	0.529949581	293.203153	293.201898	293.200187	293.203153	0.00174324235	0	0	0	0.396743	0	0	3
58	85	0	0.539246942	293.203163	293.201953	293.200205	293.203163	0.00178830764	0	0	0	0.394852	0	0	3
59	87	0	0.548544303	293.203171	293.202008	293.200233	293.203171	0.00183188332	0	0	0	0.398366	0	0	3
60	88	0	0.557841664	293.203178	293.202062	293.200267	293.203178	0.00187345554	0	0	0	0.397789	0	0	3
61	90	0	0.567139025	293.203184	293.202116	293.200303	293.203184	0.00191322802	0	0	0	0.401133	0	0	3
62	91	0	0.576436386	293.203185	293.20217	293.200338	293.203185	0.00195162483	0	0	0	0.398575	0	0	3
63	93	0	0.585733747	293.203183	293.202222	293.200371	293.203185	0.00198902563	0	0	0	0.40276	0	0	3
64	94	0	0.595031109	293.20318	293.202274	293.200422	293.203185	0.00202390573	0	0	0	0.398656	0	0	3
65	96	0	0.60432847	293.203176	293.202325	293.200471	293.203185	0.00205651398	0	0	0	0.403189	0	0	3
66	97	0	0.613625831	293.203174	293.202375	293.200524	293.203185	0.00208696295	0	0	0	0.400231	0	0	3
67	99	0	0.622923192	293.203172	293.202424	293.200575	293.203185	0.00211553465	0	0	0	0.403046	0	0	3
68	100	0	0.632220553	293.20317	293.202473	293.200626	293.203185	0.00214242776	0	0	0	0.400746	0	0	3
69	102	0	0.641517914	293.203166	293.20252	293.200701	293.203185	0.00216624917	0	0	0	0.404624	0	0	3
70	103	0	0.650815275	293.203166	293.202565	293.200777	293.203185	0.00218697404	0	0	0	0.401332	0	0	3
71	105	0	0.660112636	293.203167	293.202609	293.200851	293.203185	0.00220500417	0	0	0	0.405978	0	0	3
72	107	0	0.669409997	293.203172	293.202652	293.200923	293.203185	0.00222069425	0	0	0	0.400619	0	0	3
73	108	0	0.678707358	293.203174	293.202694	293.200994	293.203185	0.00219027388	0	0	0	0.40415	0	0	3
74	110	0	0.688004719	293.203182	293.202735	293.201099	293.203185	0.00208588541	0	0	0	0.400867	0	0	3
75	111	0	0.69730208	293.203188	293.202773	293.2012	293.203188	0.00198757298	0	0	0	0.403796	0	0	3
76	113	0	0.706599441	293.203191	293.20281	293.201299	293.203191	0.00189241215	0	0	0	0.400722	0	0	3
77	114	0	0.715896802	293.203195	293.202845	293.201396	293.203195	0.00179948739	0	0	0	0.402684	0	0	3
78	116	0	0.725194164	293.203192	293.202879	293.201489	293.203195	0.00170630225	0	0	0	0.400253	0	0	3
79	118	0	0.734491525	293.20319	293.20291	293.201622	293.203195	0.00157355039	0	0	0	0.402811	0	0	3
80	119	0	0.743788886	293.203185	293.202939	293.201747	293.203195	0.00144780208	0	0	0	0.400755	0	0	3
81	120	0	0.753086247	293.203182	293.202966	293.201866	293.203195	0.00132939372	0	0	0	0.403618	0	0	3
82	122	0	0.762383608	293.203176	293.20299	293.201977	293.203195	0.00121851652	0	0	0	0.402346	0	0	3
83	124	0	0.771680969	293.20317	293.203012	293.202079	293.203195	0.00111639299	0	0	0	0.406251	0	0	3
84	126	0	0.78097833	293.203162	293.203032	293.202208	293.203195	0.000987075856	0	0	0	0.404985	0	0	3
85	127	0	0.790275691	293.203153	293.20305	293.202321	293.203195	0.000874286643	0	0	0	0.408412	0	0	3
86	128	0	0.799573052	293.203143	293.203065	293.202419	293.203195	0.000775913497	0	0	0	0.406254	0	0	3
87	130	0	0.808870413	293.203132	293.203078	293.202504	293.203195	0.000690943547	0	0	0	0.408969	0	0	3
88	131	0	0.818167774	293.203122	293.203089	293.202577	293.203195	0.000618205137	0	0	0	0.406819	0	0	3
89	133	0	0.827465135	293.203113	293.203099	293.20266	293.203195	0.000534594171	0	0	0	0.409458	0	0	3
90	134	0	0.836762496	293.203107	293.203108	293.202729	293.203195	0.00046578771	0	0	0	0.406844	0	0	3
91	136	0	0.846059857	293.2031	293.203114	293.202784	293.203195	0.000410804954	0	0	0	0.410062	0	0	3
92	137	0	0.855357219	293.203095	293.20312	293.20283	293.203195	0.000365518969	0	0	0	0.408075	0	0	3
93	138	0	0.86465458	293.203093	293.203125	293.202864	293.203195	0.000331258365	0	0	0	0.411119	0	0	3
94	140	0	0.873951941	293.20309	293.203129	293.202902	293.203195	0.000293258979	0	0	0	0.408012	0	0	3
95	141	0	0.883249302	293.203088	293.203133	293.202933	293.203195	0.000261847984	0	0	0	0.410625	0	0	3
96	142	0	0.892546663	293.203085	293.203136	293.202962	293.203195	0.00023345574	0	0	0	0.407231	0	0	3
97	144	0	0.901844024	293.203083	293.203138	293.20299	293.203195	0.000205081402	0	0	0	0.409781	0	0	3
98	145	0	0.911141385	293.203078	293.203139	293.203014	293.203195	0.00018135859	0	0	0	0.407441	0	0	3
99	147	0	0.920438746	293.203076	293.203141	293.203036	293.203195	0.000159120315	0	0	0	0.410373	0	0	3
100	148	0	0.929736107	293.203075	293.203141	293.203054	293.203195	0.000141318374	0	0	0	0.408038	0	0	3
101	151	0	0.939033468	293.203073	293.203142	293.203067	293.203195	0.000128287621	0	0	0	0.411651	0	0	3
102	152	0	0.948330829	293.20307	293.203142	293.20307	293.203195	0.00012538936	0	0	0	0.409478	0	0	3
103	154	0	0.95762819	293.203066	293.203141	293.203066	293.203195	0.000128876522	0	0	0	0.412682	0	0	3
104	155	0	0.966925551	293.203063	293.203141	293.203063	293.203195	0.000132521614	0	0	0	0.409669	0	0	3
105	157	0	0.976222912	293.203058	293.20314	293.203058	293.203195	0.000137135029	0	0	0	0.412684	0	0	3
106	158	0	0.985520273	293.203054	293.203139	293.203054	293.203195	0.000141285639	0	0	0	0.408699	0	0	3
107	160	0	0.994817635	293.203047	293.203138	293.203047	293.203195	0.000148063203	0	0	0	0.412031	0	0	3
108	162	0	1.004115	293.20304	293.203136	293.20304	293.203195	0.000155329128	9.07738137e-05	0	58.4	0.408559	0	0	3
109	163	0	1.01341236	293.203031	293.203134	293.203031	293.203195	0.000164324538	9.07738137e-05	0	55.2	0.412371	0	0	3
110	165	0	1.02270972	293.203024	293.203132	293.203024	293.203195	0.000170774847	9.07738137e-05	0	53.1	0.409894	0	0	3
111	166	0	1.03200708	293.203017	293.203129	293.203017	293.203195	0.000177680921	9.07738137e-05	0	51	0.412964	0	0	3
112	168	0	1.04130444	293.203011	293.203126	293.203011	293.203195	0.000184495901	9.07738137e-05	0	49.2	0.408946	0	0	3
113	169	0	1.0506018	293.203007	293.203123	293.203007	293.203195	0.000188470378	9.07738137e-05	0	48.1	0.411801	0	0	3
114	171	0	1.05989916	293.203005	293.20312	293.203005	293.203195	0.00019032789	9.07738137e-05	0	47.6	0.409477	0	0	3
115	172	0	1.06919652	293.203005	293.203117	293.203005	293.203195	0.00019032789	9.07738137e-05	0	47.6	0.412837	0	0	3
116	174	0	1.07849388	293.203002	293.203113	293.203002	293.203195	0.000193028862	9.07738137e-05	0	47	0.410202	0	0	3
117	175	0	1.08779125	293.203001	293.20311	293.203001	293.203195	0.00019381435	9.07738137e-05	0	46.8	0.413915	0	0	3
118	177	0	1.09708861	293.203001	293.203107	293.203001	293.203195	0.000193933581	9.07738137e-05	0	46.8	0.411696	0	0	3
119	178	0	1.10638597	293.203001	293.203103	293.203001	293.203195	0.000193933581	9.07738137e-05	0	46.8	0.415516	0	0	3
120	180	0	1.11568333	293.203005	293.2031	293.203001	293.203195	0.000193933581	9.07738137e-05	0	46.8	0.412364	0	0	3
121	181	0	1.12498069	293.203003	293.203097	293.203001	293.203195	0.000193933581	9.07738137e-05	0	46.8	0.41612	0	0	3
122	182	0	1.13427805	293.203004	293.203094	293.203001	293.203195	0.000193933581	9.07738137e-05	0	46.8	0.413389	0	0	3
123	184	0	1.14357541	293.202999	293.203091	293.202999	293.203195	0.000195579372	9.07738137e-05	0	46.4	0.417358	0	0	3
124	185	0	1.15287277	293.202998	293.203088	293.202998	293.203195	0.000197501034	9.07738137e-05	0	45.9	0.413515	0	0	3
125	187	0	1.16217013	293.202995	293.203085	293.202995	293.203195	0.00020020432	9.07738137e-05	0	45.3	0.416555	0	0	3
126	188	0	1.17146749	293.202995	293.203081	293.202995	293.203195	0.00020020432	9.07738137e-05	0	45.3	0.413795	0	0	3
127	190	0	1.18076486	293.202993	293.203078	293.202993	293.203195	0.000202016521	9.07738137e-05	0	44.9	0.416765	0	0	3
128	191	0	1.19006222	293.202994	293.203075	293.202993	293.203195	0.000202016521	9.07738137e-05	0	44.9	0.413464	0	0	3
129	192	0	1.19935958	293.202992	293.203071	293.202992	293.203195	0.000202974812	9.07738137e-05	0	44.7	0.416703	0	0	3
130	194	0	1.20865694	293.202992	293.203067	293.202992	293.203195	0.00020315843	9.07738137e-05	0	44.6	0.41402	0	0	3
131	195	0	1.2179543	293.202992	293.203063	293.202992	293.203192	0.000200247205	9.07738137e-05	0	45.3	0.417252	0	0	3
132	197	0	1.22725166	293.202994	293.20306	293.202992	293.20319	0.000198587435	9.07738137e-05	0	45.7	0.414511	0	0	3
133	198	0	1.23654902	293.202995	293.203056	293.202992	293.203185	0.000192808267	9.07738137e-05	0	47	0.417196	0	0	3
134	199	0	1.24584638	293.202998	293.203053	293.202992	293.203182	0.000176113876	9.07738137e-05	0	51.5	0.414778	0	0	3
135	201	0	1.25514374	293.202996	293.203049	293.202992	293.203176	0.000151843116	9.07738137e-05	0	59.7	0.417549	0	0	3
136	202	0	1.26444111	293.202998	293.203046	293.202992	293.20317	0.000129735005	9.07738137e-05	0	69.9	0.415147	0	0	3
137	203	0	1.27373847	293.203	293.203043	293.202992	293.203162	0.000109679867	9.07738137e-05	0	82.7	0.418566	0	0	3
138	205	0	1.28303583	293.203002	293.20304	293.202992	293.203153	0.000101846802	9.07738137e-05	0	89.1	0.415443	0	0	3
139	206	0	1.29233319	293.203002	293.203037	293.202992	293.203143	0.000104632903	9.07738137e-05	0	86.7	0.419176	0	0	3
140	207	0	1.30163055	293.203001	293.203034	293.202992	293.203132	0.00010727083	9.07738137e-05	0	84.6	0.415396	0	0	3
141	209	0	1.31092791	293.203002	293.203032	293.202992	293.203122	0.000109682797	9.07738137e-05	0	82.7	0.419351	0	0	3
142	210	0	1.32022527	293.203002	293.20303	293.202992	293.203113	0.000111898258	9.07738137e-05	0	81.1	0.414778	0	0	3
143	212	0	1.32952263	293.203003	293.203028	293.202992	293.203107	0.000113936207	9.07738137e-05	0	79.6	0.41823	0	0	3
144	213	0	1.33881999	293.203002	293.203026	293.202992	293.2031	0.000108512148	9.07738137e-05	0	83.6	0.413769	0	0	3
145	215	0	1.34811736	293.203003	293.203024	293.202992	293.203095	0.000103536451	9.07738137e-05	0	87.6	0.417151	0	0	3
146	216	0	1.35741472	293.203001	293.203022	293.202992	293.203093	0.000101494472	9.07738137e-05	0	89.4	0.413973	0	0	3
147	217	0	1.36671208	293.203001	293.203021	293.202992	293.20309	9.78474293e-05	9.07738137e-05	0	92.7	0.417279	0	0	3
148	219	0	1.37600944	293.202999	293.203019	293.202992	293.203088	9.63165788e-05	9.07738137e-05	0	94.2	0.414161	0	0	3
149	220	0	1.3853068	293.202998	293.203017	293.202992	293.203085	9.25993389e-05	9.07738137e-05	0	98	0.417224	0	0	3
150	222	0	1.39460416	293.202995	293.203016	293.202992	293.203083	9.07745959e-05	9.07738137e-05	0	99.9	0.413529	0	0	3
151	223	0	1.40390152	293.202994	293.203014	293.202992	293.203078	8.65786005e-05	9.07738137e-05	0	100	0.416555	0	0	3
152	224	0	1.41319888	293.202992	293.203012	293.202992	293.203076	8.39471535e-05	9.07738137e-05	0	100	0.413002	0	0	3
153	226	0	1.42249624	293.202992	293.203011	293.202992	293.203075	8.28285785e-05	9.07738137e-05	0	100	0.416799	0	0	3
154	227	0	1.4317936	293.20299	293.203009	293.20299	293.203073	8.25092968e-05	9.07738137e-05	0	100	0.412639	0	0	3
155	228	0	1.44109097	293.202992	293.203008	293.20299	293.20307	7.9175405e-05	9.07738137e-05	0	100	0.416048	0	0	3
156	230	0	1.45038833	293.202992	293.203006	293.20299	293.203066	7.56882431e-05	9.07738137e-05	0	100	0.412167	0	0	3
157	231	0	1.45968569	293.202993	293.203005	293.20299	293.203063	7.20431513e-05	9.07738137e-05	0	100	0.415594	0	0	3
158	233	0	1.46898305	293.202994	293.203004	293.20299	293.203058	6.74297362e-05	9.07738137e-05	0	100	0.445266	0	0	3
159	234	0	1.47828041	293.202995	293.203003	293.20299	293.203054	6.32791264e-05	9.07738137e-05	0	100	0.415246	0	0	3
160	236	0	1.48757777	293.202995	293.203001	293.20299	293.203047	5.65015625e-05	9.07738137e-05	0	100	0.412345	0	0	3
161	237	0	1.49687513	293.202993	293.203	293.20299	293.20304	4.92356374e-05	9.07738137e-05	0	100	0.415166	0	0	3
162	238	0	1.50617249	293.202994	293.203	293.20299	293.203031	4.02402274e-05	9.07738137e-05	0	100	0.411467	0	0	3
163	240	0	1.51546985	293.202992	293.202999	293.20299	293.203024	3.37899181e-05	9.07738137e-05	0	100	0.414118	0	0	3
164	241	0	1.52476722	293.202992	293.202998	293.20299	293.203017	2.68838443e-05	9.07738137e-05	0	100	0.410249	0	0	3
165	243	0	1.53406458	293.202991	293.202998	293.20299	293.203011	2.00688639e-05	9.07738137e-05	0	100	0.413323	0	0	3
166	244	0	1.54336194	293.202992	293.202997	293.20299	293.203007	1.60943869e-05	9.07738137e-05	0	100	0.410752	0	0	3
167	245	0	1.5526593	293.202991	293.202997	293.20299	293.203005	1.43480859e-05	9.07738137e-05	0	100	0.414737	0	0	3
168	247	0	1.56195666	293.202991	293.202997	293.20299	293.203005	1.43480859e-05	9.07738137e-05	0	100	0.411737	0	0	3
169	248	0	1.57125402	293.202989	293.202997	293.202989	293.203005	1.62559959e-05	9.07738137e-05	0	100	0.415264	0	0	3
170	250	0	1.58055138	293.202989	293.202996	293.202989	293.203005	1.62559959e-05	9.07738137e-05	0	100	0.410586	0	0	3
171	251	0	1.58984874	293.202988	293.202996	293.202988	293.203005	1.7286703e-05	9.07738137e-05	0	100	0.413845	0	0	3
172	252	0	1.5991461	293.202989	293.202996	293.202988	293.203005	1.7286703e-05	9.07738137e-05	0	100	0.4748	0	0	3
173	254	0	1.60844347	293.202991	293.202996	293.202988	293.203005	1.7286703e-05	9.07738137e-05	0	100	0.413332	0	0	3
174	255	0	1.61774083	293.202993	293.202995	293.202988	293.203004	1.63678578e-05	9.07738137e-05	0	100	0.410312	0	0	3
175	257	0	1.62703819	293.202996	293.202995	293.202988	293.203004	1.63678578e-05	9.07738137e-05	0	100	0.412864	0	0	3
176	258	0	1.63633555	293.202998	293.202995	293.202988	293.203003	1.54527203e-05	9.07738137e-05	0	100	0.409418	0	0	3
177	259	0	1.64563291	293.202999	293.202995	293.202988	293.203003	1.54527203e-05	9.07738137e-05	0	100	0.412631	0	0	3
178	261	0	1.65493027	293.203	293.202995	293.202988	293.203003	1.54527203e-05	9.07738137e-05	0	100	0.409403	0	0	3
179	262	0	1.66422763	293.203	293.202995	293.202988	293.203003	1.54527203e-05	9.07738137e-05	0	100	0.412476	0	0	3
180	264	0	1.67352499	293.202999	293.202995	293.202988	293.203003	1.54527203e-05	9.07738137e-05	0	100	0.408573	0	0	3
181	265	0	1.68282235	293.202996	293.202995	293.202988	293.203003	1.54527203e-05	9.07738137e-05	0	100	0.411905	0	0	3
182	267	0	1.69211971	293.202995	293.202996	293.202988	293.203003	1.54527203e-05	9.07738137e-05	0	100	0.408056	0	0	3
183	268	0	1.70141708	293.202991	293.202995	293.202988	293.203003	1.54527203e-05	9.07738137e-05	0	100	0.410879	0	0	3
184	269	0	1.71071444	293.20299	293.202995	293.202988	293.203003	1.54527203e-05	9.07738137e-05	0	100	0.409052	0	0	3
185	271	0	1.7200118	293.202989	293.202995	293.202988	293.203003	1.54527203e-05	9.07738137e-05	0	100	0.411914	0	0	3
186	272	0	1.72930916	293.20299	293.202995	293.202988	293.203003	1.54527203e-05	9.07738137e-05	0	100	0.408739	0	0	3
187	274	0	1.73860652	293.202991	293.202995	293.202988	293.203003	1.54527203e-05	9.07738137e-05	0	100	0.411824	0	0	3
188	276	0	1.74790388	293.202993	293.202995	293.202988	293.203003	1.54527203e-05	9.07738137e-05	0	100	0.408405	0	0	3
189	277	0	1.75720124	293.202995	293.202995	293.202988	293.203003	1.54527203e-05	9.07738137e-05	0	100	0.411283	0	0	3
190	279	0	1.7664986	293.202995	293.202995	293.202988	293.203003	1.54527203e-05	9.07738137e-05	0	100	0.408917	0	0	3
191	280	0	1.77579596	293.202995	293.202995	293.202988	293.203003	1.54527203e-05	9.07738137e-05	0	100	0.411855	0	0	3
192	282	0	1.78509333	293.202993	293.202995	293.202988	293.203003	1.54527203e-05	9.07738137e-05	0	100	0.409385	0	0	3
193	283	0	1.79439069	293.20299	293.202995	293.202988	293.203003	1.54527203e-05	9.07738137e-05	0	100	0.411977	0	0	3
194	285	0	1.80368805	293.20299	293.202994	293.202988	293.203003	1.54527203e-05	9.07738137e-05	0	100	0.409811	0	0	3
195	286	0	1.81298541	293.202989	293.202994	293.202988	293.203003	1.54527203e-05	9.07738137e-05	0	100	0.412216	0	0	3
196	288	0	1.82228277	293.20299	293.202994	293.202988	293.203003	1.54527203e-05	9.07738137e-05	0	100	0.409444	0	0	3
197	289	0	1.83158013	293.202991	293.202994	293.202988	293.203003	1.4966476e-05	9.07738137e-05	0	100	0.412597	0	0	3
198	291	0	1.84087749	293.202993	293.202994	293.202988	293.203003	1.4966476e-05	9.07738137e-05	0	100	0.409732	0	0	3
199	292	0	1.85017485	293.202993	293.202993	293.202988	293.203001	1.37729306e-05	9.07738137e-05	0	100	0.412673	0	0	3
200	293	0	1.85947221	293.202994	293.202993	293.202988	293.203001	1.33923975e-05	9.07738137e-05	0	100	0.409593	0	0	3
201	296	0	1.86876958	293.202993	293.202993	293.202988	293.203	1.24898421e-05	9.07738137e-05	0	100	0.412259	0	0	3
202	297	0	1.87806694	293.202994	293.202993	293.202988	293.203	1.24898421e-05	9.07738137e-05	0	100	0.407822	0	0	3
203	299	0	1.8873643	293.202994	293.202993	293.202988	293.203	1.24898421e-05	9.07738137e-05	0	100	0.41097	0	0	3
204	300	0	1.89666166	293.202993	293.202993	293.202988	293.203	1.24898421e-05	9.07738137e-05	0	100	0.406991	0	0	3
205	302	0	1.90595902	293.202993	293.202993	293.202988	293.203	1.24898421e-05	9.07738137e-05	0	100	0.410489	0	0	3
206	303	0	1.91525638	293.202995	293.202993	293.202988	293.203	1.24898421e-05	9.07738137e-05	0	100	0.407201	0	0	3
207	305	0	1.92455374	293.202994	293.202993	293.202988	293.203	1.24898421e-05	9.07738137e-05	0	100	0.41012	0	0	3
208	306	0	1.9338511	293.202999	293.202993	293.202988	293.203	1.24898421e-05	9.07738137e-05	0	100	0.405845	0	0	3
209	307	0	1.94314846	293.203002	293.202993	293.202988	293.203002	1.34913757e-05	9.07738137e-05	0	100	0.408954	0	0	3
210	309	0	1.95244582	293.203003	293.202993	293.202988	293.203003	1.21419266e-05	9.07738137e-05	0	100	0.405769	0	0	3
201	297	0	1.86876958	293.202993	293.202993	293.202988	293.203	1.24898421e-05	9.07738137e-05	0	100	0.412259	0	0	3
202	298	0	1.87806694	293.202994	293.202993	293.202988	293.203	1.24898421e-05	9.07738137e-05	0	100	0.407822	0	0	3
203	300	0	1.8873643	293.202994	293.202993	293.202988	293.203	1.24898421e-05	9.07738137e-05	0	100	0.41097	0	0	3
204	301	0	1.89666166	293.202993	293.202993	293.202988	293.203	1.24898421e-05	9.07738137e-05	0	100	0.406991	0	0	3
205	303	0	1.90595902	293.202993	293.202993	293.202988	293.203	1.24898421e-05	9.07738137e-05	0	100	0.410489	0	0	3
206	304	0	1.91525638	293.202995	293.202993	293.202988	293.203	1.24898421e-05	9.07738137e-05	0	100	0.407201	0	0	3
207	306	0	1.92455374	293.202994	293.202993	293.202988	293.203	1.24898421e-05	9.07738137e-05	0	100	0.41012	0	0	3
208	307	0	1.9338511	293.202999	293.202993	293.202988	293.203	1.24898421e-05	9.07738137e-05	0	100	0.405845	0	0	3
209	309	0	1.94314846	293.203002	293.202993	293.202988	293.203002	1.34913627e-05	9.07738137e-05	0	100	0.408954	0	0	3
210	310	0	1.95244582	293.203003	293.202993	293.202988	293.203003	1.21419135e-05	9.07738137e-05	0	100	0.405769	0	0	3
211	312	0	1.96174319	293.203004	293.202994	293.202988	293.203004	1.08749859e-05	9.07738137e-05	0	100	0.408913	0	0	3
212	313	0	1.97104055	293.203005	293.202994	293.202988	293.203005	9.70500474e-06	9.07738137e-05	0	100	0.405699	0	0	3
213	315	0	1.98033791	293.203003	293.202994	293.202988	293.203005	8.62534972e-06	9.07738137e-05	0	100	0.408533	0	0	3
214	316	0	1.98963527	293.203002	293.202994	293.202988	293.203005	7.61893477e-06	9.07738137e-05	0	100	0.406744	0	0	3
215	318	0	1.99893263	293.203	293.202994	293.202988	293.203005	6.7700031e-06	9.07738137e-05	0	100	0.409733	0	0	3
216	319	0	2.00822999	293.202996	293.202994	293.202988	293.203005	6.05768986e-06	9.07738137e-05	0	100	0.406771	0	0	3
217	321	0	2.01752735	293.202993	293.202994	293.202988	293.203005	5.46723624e-06	9.07738137e-05	0	100	0.409789	0	0	3
218	323	0	2.02682471	293.202992	293.202994	293.202988	293.203005	4.98199933e-06	9.07738137e-05	0	100	0.406903	0	0	3
219	324	0	2.03612207	293.202991	293.202994	293.202988	293.203005	4.64240748e-06	9.07738137e-05	0	100	0.409659	0	0	3
220	326	0	2.04541944	293.202987	293.202994	293.202987	293.203005	4.34841309e-06	9.07738137e-05	0	100	0.406408	0	0	3
221	327	0	2.0547168	293.202988	293.202994	293.202987	293.203005	4.0931327e-06	9.07738137e-05	0	100	0.408669	0	0	3
222	329	0	2.06401416	293.202989	293.202994	293.202987	293.203005	3.79318317e-06	9.07738137e-05	0	100	0.405286	0	0	3
223	331	0	2.07331152	293.202994	293.202994	293.202987	293.203005	3.54638473e-06	9.07738137e-05	0	100	0.407183	0	0	3
224	332	0	2.08260888	293.202995	293.202994	293.202987	293.203005	3.29288406e-06	9.07738137e-05	0	100	0.404857	0	0	3
225	334	0	2.09190624	293.202996	293.202995	293.202987	293.203005	3.07243647e-06	9.07738137e-05	0	100	0.407067	0	0	3
226	336	0	2.1012036	293.202997	293.202995	293.202987	293.203005	2.8713734e-06	9.07738137e-05	0	100	0.405364	0	0	3
227	337	0	2.11050096	293.202998	293.202995	293.202987	293.203005	2.66848446e-06	9.07738137e-05	0	100	0.407325	0	0	3
228	339	0	2.11979832	293.203	293.202995	293.202987	293.203005	2.66848446e-06	9.07738137e-05	0	100	0.405854	0	0	3
229	340	0	2.12909569	293.202998	293.202995	293.202987	293.203005	2.66848446e-06	9.07738137e-05	0	100	0.407981	0	0	3
230	342	0	2.13839305	293.202998	293.202995	293.202987	293.203005	2.66848446e-06	9.07738137e-05	0	100	0.40602	0	0	3
231	343	0	2.14769041	293.202997	293.202995	293.202987	293.203005	2.66848446e-06	9.07738137e-05	0	100	0.408286	0	0	3
232	345	0	2.15698777	293.202997	293.202995	293.202987	293.203005	2.66848446e-06	9.07738137e-05	0	100	0.406224	0	0	3
233	346	0	2.16628513	293.203	293.202995	293.202987	293.203005	2.66848446e-06	9.07738137e-05	0	100	0.407942	0	0	3
234	348	0	2.17558249	293.203002	293.202995	293.202987	293.203005	2.66848446e-06	9.07738137e-05	0	100	0.406	0	0	3
235	349	0	2.18487985	293.203004	293.202995	293.202987	293.203005	2.66848446e-06	9.07738137e-05	0	100	0.407652	0	0	3
236	351	0	2.19417721	293.203006	293.202995	293.202987	293.203006	2.64564432e-06	9.07738137e-05	0	100	0.404533	0	0	3
237	352	0	2.20347457	293.20301	293.202996	293.202987	293.20301	2.79037295e-06	9.07738137e-05	0	100	0.407812	0	0	3
238	354	0	2.21277193	293.203009	293.202996	293.202987	293.20301	3.14105563e-06	9.07738137e-05	0	100	0.404923	0	0	3
239	355	0	2.2220693	293.203013	293.202996	293.202987	293.203013	3.5770077e-06	9.07738137e-05	0	100	0.408185	0	0	3
240	357	0	2.23136666	293.203011	293.202997	293.202987	293.203013	3.95870404e-06	9.07738137e-05	0	100	0.404416	0	0	3
241	359	0	2.24066402	293.203011	293.202997	293.202987	293.203013	4.31758997e-06	9.07738137e-05	0	100	0.407719	0	0	3
242	360	0	2.24996138	293.203007	293.202997	293.202987	293.203013	4.57729152e-06	9.07738137e-05	0	100	0.404493	0	0	3
243	362	0	2.25925874	293.203008	293.202998	293.202987	293.203013	4.8099601e-06	9.07738137e-05	0	100	0.40854	0	0	3
244	363	0	2.2685561	293.203007	293.202998	293.202987	293.203013	5.03952663e-06	9.07738137e-05	0	100	0.404746	0	0	3
245	365	0	2.27785346	293.203008	293.202998	293.202987	293.203013	5.27628339e-06	9.07738137e-05	0	100	0.407619	0	0	3
246	367	0	2.28715082	293.203006	293.202998	293.202987	293.203013	5.52091382e-06	9.07738137e-05	0	100	0.404785	0	0	3
247	368	0	2.29644818	293.203005	293.202999	293.202987	293.203013	5.80040944e-06	9.07738137e-05	0	100	0.407719	0	0	3
248	370	0	2.30574555	293.203003	293.202999	293.202987	293.203013	6.04584648e-06	9.07738137e-05	0	100	0.404102	0	0	3
249	371	0	2.31504291	293.203001	293.202999	293.202987	293.203013	6.2665938e-06	9.07738137e-05	0	100	0.407887	0	0	3
250	373	0	2.32434027	293.202999	293.202999	293.202987	293.203013	6.43446725e-06	9.07738137e-05	0	100	0.404302	0	0	3
251	374	0	2.33363763	293.202999	293.202999	293.202987	293.203013	6.57597968e-06	9.07738137e-05	0	100	0.407922	0	0	3
252	376	0	2.34293499	293.202996	293.202999	293.202987	293.203013	6.63063707e-06	9.07738137e-05	0	100	0.403808	0	0	3
253	378	0	2.35223235	293.202996	293.203	293.202987	293.203013	6.67770854e-06	9.07738137e-05	0	100	0.407335	0	0	3
254	379	0	2.36152971	293.202996	293.203	293.202987	293.203013	6.70129475e-06	9.07738137e-05	0	100	0.404846	0	0	3
255	381	0	2.37082707	293.202997	293.203	293.202987	293.203013	6.77134858e-06	9.07738137e-05	0	100	0.407556	0	0	3
256	382	0	2.38012443	293.202997	293.203	293.202987	293.203013	6.81249105e-06	9.07738137e-05	0	100	0.403997	0	0	3
257	384	0	2.3894218	293.203001	293.203	293.202987	293.203013	6.9408951e-06	9.07738137e-05	0	100	0.406887	0	0	3
258	386	0	2.39871916	293.203	293.203	293.202987	293.203013	7.07562208e-06	9.07738137e-05	0	100	0.40424	0	0	3
259	387	0	2.40801652	293.203001	293.203	293.202987	293.203013	7.17996937e-06	9.07738137e-05	0	100	0.407323	0	0	3
260	389	0	2.41731388	293.203	293.203	293.202987	293.203013	7.24463973e-06	9.07738137e-05	0	100	0.403104	0	0	3
261	390	0	2.42661124	293.202998	293.203	293.202987	293.203013	7.16516286e-06	9.07738137e-05	0	100	0.405316	0	0	3
262	392	0	2.4359086	293.202999	293.203	293.202987	293.203013	6.98800534e-06	9.07738137e-05	0	100	0.402799	0	0	3
263	393	0	2.44520596	293.203001	293.203	293.202987	293.203013	6.7836981e-06	9.07738137e-05	0	100	0.405784	0	0	3
264	395	0	2.45450332	293.203001	293.203	293.202987	293.203013	6.59117512e-06	9.07738137e-05	0	100	0.403	0	0	3
265	396	0	2.46380068	293.203001	293.203	293.202987	293.203013	6.39711698e-06	9.07738137e-05	0	100	0.405392	0	0	3
266	398	0	2.47309804	293.203004	293.203	293.202987	293.203013	6.23525034e-06	9.07738137e-05	0	100	0.40287	0	0	3
267	399	0	2.48239541	293.203004	293.203	293.202987	293.203013	6.10601421e-06	9.07738137e-05	0	100	0.405065	0	0	3
268	401	0	2.49169277	293.203006	293.203	293.202987	293.203013	6.10255768e-06	9.07738137e-05	0	100	0.401914	0	0	3
269	402	0	2.50099013	293.203008	293.203	293.202987	293.203013	6.21305986e-06	9.07738137e-05	0	100	0.404297	0	0	3
270	404	0	2.51028749	293.203008	293.203001	293.202987	293.203013	6.42199552e-06	9.07738137e-05	0	100	0.400764	0	0	3
271	405	0	2.51958485	293.203007	293.203001	293.202987	293.203013	6.67640575e-06	9.07738137e-05	0	100	0.404186	0	0	3
272	407	0	2.52888221	293.203008	293.203001	293.202987	293.203013	6.97724397e-06	9.07738137e-05	0	100	0.402771	0	0	3
273	408	0	2.53817957	293.203007	293.203001	293.202987	293.203013	7.26756576e-06	9.07738137e-05	0	100	0.405771	0	0	3
274	410	0	2.54747693	293.203006	293.203002	293.202988	293.203013	7.62561541e-06	9.07738137e-05	0	100	0.405449	0	0	3
275	411	0	2.55677429	293.203005	293.203002	293.202989	293.203013	7.94291492e-06	9.07738137e-05	0	100	0.406576	0	0	3
276	413	0	2.56607166	293.203006	293.203002	293.202994	293.203013	8.15192823e-06	9.07738137e-05	0	100	0.407042	0	0	3
277	415	0	2.57536902	293.203005	293.203003	293.202995	293.203013	8.24122469e-06	9.07738137e-05	0	100	0.405696	0	0	3
278	416	0	2.58466638	293.203005	293.203003	293.202996	293.203013	8.2779016e-06	9.07738137e-05	0	100	0.408186	0	0	3
279	418	0	2.59396374	293.203006	293.203003	293.202996	293.203013	8.31420749e-06	9.07738137e-05	0	100	0.40519	0	0	3
280	419	0	2.6032611	293.203006	293.203003	293.202996	293.203013	8.33630162e-06	9.07738137e-05	0	100	0.407868	0	0	3
281	421	0	2.61255846	293.203003	293.203003	293.202996	293.203013	8.34053992e-06	9.07738137e-05	0	100	0.405343	0	0	3
282	423	0	2.62185582	293.203002	293.203003	293.202996	293.203013	8.37842401e-06	9.07738137e-05	0	100	0.406971	0	0	3
283	424	0	2.63115318	293.203	293.203003	293.202996	293.203013	8.41011979e-06	9.07738137e-05	0	100	0.406002	0	0	3
284	426	0	2.64045054	293.203	293.203003	293.202996	293.203013	8.45353901e-06	9.07738137e-05	0	100	0.406011	0	0	3
285	427	0	2.64974791	293.203001	293.203003	293.202996	293.203013	8.53594133e-06	9.07738137e-05	0	100	0.406289	0	0	3
286	429	0	2.65904527	293.203002	293.203004	293.202996	293.203013	8.61260668e-06	9.07738137e-05	0	100	0.405917	0	0	3
287	430	0	2.66834263	293.203002	293.203004	293.202996	293.203013	8.60240101e-06	9.07738137e-05	0	100	0.406025	0	0	3
288	432	0	2.67763999	293.203002	293.203004	293.202996	293.203013	8.45751799e-06	9.07738137e-05	0	100	0.406049	0	0	3
289	433	0	2.68693735	293.203003	293.203004	293.202996	293.203013	8.25572499e-06	9.07738137e-05	0	100	0.406004	0	0	3
290	435	0	2.69623471	293.203007	293.203004	293.202996	293.203013	7.90727574e-06	9.07738137e-05	0	100	0.40498	0	0	3
291	436	0	2.70553207	293.203005	293.203003	293.202996	293.203013	7.55659306e-06	9.07738137e-05	0	100	0.405532	0	0	3
292	438	0	2.71482943	293.203004	293.203003	293.202996	293.203013	7.12064099e-06	9.07738137e-05	0	100	0.404849	0	0	3
293	439	0	2.72412679	293.203005	293.203003	293.202996	293.203011	6.73894465e-06	9.07738137e-05	0	100	0.406687	0	0	3
294	441	0	2.73342415	293.203005	293.203003	293.202996	293.203011	6.38005872e-06	9.07738137e-05	0	100	0.403413	0	0	3
295	443	0	2.74272152	293.203003	293.203003	293.202996	293.203008	6.12035717e-06	9.07738137e-05	0	100	0.405837	0	0	3
296	444	0	2.75201888	293.203001	293.203003	293.202996	293.203008	5.88768859e-06	9.07738137e-05	0	100	0.40302	0	0	3
297	445	0	2.76131624	293.203001	293.203003	293.202996	293.203008	5.65812206e-06	9.07738137e-05	0	100	0.405711	0	0	3
298	447	0	2.7706136	293.202999	293.203003	293.202996	293.203008	5.4213653e-06	9.07738137e-05	0	100	0.402547	0	0	3
299	449	0	2.77991096	293.203	293.203002	293.202996	293.203008	5.17673487e-06	9.07738137e-05	0	100	0.405626	0	0	3
300	450	0	2.78920832	293.202999	293.203002	293.202996	293.203008	4.89723925e-06	9.07738137e-05	0	100	0.402773	0	0	3
301	452	0	2.79850568	293.203	293.203002	293.202996	293.203008	4.65180221e-06	9.07738137e-05	0	100	0.405594	0	0	3
302	454	0	2.80780304	293.203	293.203002	293.202996	293.203008	4.43105489e-06	9.07738137e-05	0	100	0.402118	0	0	3
303	455	0	2.8171004	293.203	293.203002	293.202996	293.203008	4.26318144e-06	9.07738137e-05	0	100	0.404388	0	0	3
304	457	0	2.82639777	293.202999	293.203002	293.202996	293.203008	4.12166901e-06	9.07738137e-05	0	100	0.401525	0	0	3
305	458	0	2.83569513	293.203	293.203002	293.202996	293.203008	4.06701162e-06	9.07738137e-05	0	100	0.405093	0	0	3
306	460	0	2.84499249	293.203001	293.203002	293.202996	293.203008	4.01994015e-06	9.07738137e-05	0	100	0.403341	0	0	3
307	461	0	2.85428985	293.203001	293.203002	293.202996	293.203008	3.99635394e-06	9.07738137e-05	0	100	0.40653	0	0	3
308	463	0	2.86358721	293.203001	293.203002	293.202997	293.203008	3.92630011e-06	9.07738137e-05	0	100	0.403215	0	0	3
309	464	0	2.87288457	293.203002	293.203003	293.202997	293.203008	3.88515764e-06	9.07738137e-05	0	100	0.40604	0	0	3
310	466	0	2.88218193	293.203002	293.203003	293.202998	293.203008	3.75675359e-06	9.07738137e-05	0	100	0.403988	0	0	3
311	467	0	2.89147929	293.203003	293.203003	293.202998	293.203008	3.62202661e-06	9.07738137e-05	0	100	0.407049	0	0	3
312	469	0	2.90077665	293.203003	293.203003	293.202998	293.203008	3.47833583e-06	9.07738137e-05	0	100	0.403364	0	0	3
313	470	0	2.91007402	293.203006	293.203003	293.202998	293.203008	3.42996475e-06	9.07738137e-05	0	100	0.406395	0	0	3
314	472	0	2.91937138	293.203006	293.203003	293.202998	293.203008	3.42996475e-06	9.07738137e-05	0	100	0.403265	0	0	3
315	473	0	2.92866874	293.203007	293.203003	293.202999	293.203008	3.42996475e-06	9.07738137e-05	0	100	0.40658	0	0	3
316	475	0	2.9379661	293.203005	293.203003	293.202999	293.203008	3.42996475e-06	9.07738137e-05	0	100	0.402913	0	0	3
317	476	0	2.94726346	293.203005	293.203003	293.202999	293.203008	3.42996475e-06	9.07738137e-05	0	100	0.405946	0	0	3
318	478	0	2.95656082	293.203004	293.203003	293.202999	293.203008	3.42996475e-06	9.07738137e-05	0	100	0.403	0	0	3
319	479	0	2.96585818	293.203004	293.203003	293.202999	293.203008	3.42996475e-06	9.07738137e-05	0	100	0.405777	0	0	3
320	481	0	2.97515554	293.203003	293.203003	293.202999	293.203008	3.41800313e-06	9.07738137e-05	0	100	0.402098	0	0	3
321	482	0	2.9844529	293.203004	293.203003	293.202999	293.203008	3.34946293e-06	9.07738137e-05	0	100	0.40489	0	0	3
322	484	0	2.99375026	293.203002	293.203003	293.202999	293.203008	3.19206202e-06	9.07738137e-05	0	100	0.401064	0	0	3
323	486	0	3.00304763	293.203005	293.203003	293.202999	293.203008	2.98312636e-06	9.07738137e-05	0	100	0.404694	0	0	3
324	487	0	3.01234499	293.203004	293.203003	293.202999	293.203008	2.72871614e-06	9.07738137e-05	0	100	0.400483	0	0	3
325	489	0	3.02164235	293.203004	293.203003	293.202999	293.203008	2.42787792e-06	9.07738137e-05	0	100	0.404717	0	0	3
326	490	0	3.03093971	293.203003	293.203003	293.202999	293.203007	2.13755612e-06	9.07738137e-05	0	100	0.402141	0	0	3
327	492	0	3.04023707	293.203004	293.203003	293.202999	293.203007	1.77950648e-06	9.07738137e-05	0	100	0.4059	0	0	3
328	493	0	3.04953443	293.203003	293.203003	293.202999	293.203007	1.46220697e-06	9.07738137e-05	0	100	0.403996	0	0	3
329	495	0	3.05883179	293.203003	293.203003	293.202999	293.203007	1.40831366e-06	9.07738137e-05	0	100	0.406597	0	0	3
330	496	0	3.06812915	293.203001	293.203003	293.202999	293.203007	1.40831366e-06	9.07738137e-05	0	100	0.40486	0	0	3
331	498	0	3.07742651	293.203004	293.203003	293.202999	293.203007	1.40831366e-06	9.07738137e-05	0	100	0.406526	0	0	3
332	499	0	3.08672388	293.203003	293.203003	293.202999	293.203007	1.40831366e-06	9.07738137e-05	0	100	0.404355	0	0	3
333	501	0	3.09602124	293.203004	293.203003	293.202999	293.203007	1.40831366e-06	9.07738137e-05	0	100	0.406171	0	0	3
334	503	0	3.1053186	293.203004	293.203003	293.202999	293.203007	1.40831366e-06	9.07738137e-05	0	100	0.404127	0	0	3
335	504	0	3.11461596	293.203009	293.203003	293.202999	293.203009	1.40831366e-06	9.07738137e-05	0	100	0.406839	0	0	3
336	506	0	3.12391332	293.20301	293.203003	293.202999	293.20301	1.40831366e-06	9.07738137e-05	0	100	0.404233	0	0	3
337	507	0	3.13321068	293.203011	293.203003	293.202999	293.203011	1.40831366e-06	9.07738137e-05	0	100	0.408269	0	0	3
338	509	0	3.14250804	293.203008	293.203003	293.202999	293.203011	1.40831366e-06	9.07738137e-05	0	100	0.404875	0	0	3
339	510	0	3.1518054	293.20301	293.203003	293.202999	293.203011	1.40831366e-06	9.07738137e-05	0	100	0.407758	0	0	3
340	512	0	3.16110276	293.203008	293.203004	293.202999	293.203011	1.46958178e-06	9.07738137e-05	0	100	0.403474	0	0	3
341	513	0	3.17040013	293.20301	293.203004	293.202999	293.203011	1.61145704e-06	9.07738137e-05	0	100	0.40567	0	0	3
342	515	0	3.17969749	293.203009	293.203004	293.202999	293.203011	1.73978657e-06	9.07738137e-05	0	100	0.402483	0	0	3
343	516	0	3.18899485	293.203009	293.203004	293.202999	293.203011	1.84635758e-06	9.07738137e-05	0	100	0.40527	0	0	3
344	518	0	3.19829221	293.20301	293.203004	293.202999	293.203011	1.91797443e-06	9.07738137e-05	0	100	0.402374	0	0	3
345	519	0	3.20758957	293.203012	293.203004	293.202999	293.203012	2.04594568e-06	9.07738137e-05	0	100	0.40468	0	0	3
346	521	0	3.21688693	293.203013	293.203004	293.202999	293.203013	2.20789525e-06	9.07738137e-05	0	100	0.401748	0	0	3
347	522	0	3.22618429	293.203014	293.203005	293.202999	293.203014	2.37303055e-06	9.07738137e-05	0	100	0.404831	0	0	3
348	524	0	3.23548165	293.203013	293.203005	293.202999	293.203014	2.53541884e-06	9.07738137e-05	0	100	0.402107	0	0	3
349	525	0	3.24477901	293.203012	293.203005	293.202999	293.203014	2.69883424e-06	9.07738137e-05	0	100	0.405468	0	0	3
350	527	0	3.25407637	293.203011	293.203005	293.202999	293.203014	2.89262289e-06	9.07738137e-05	0	100	0.401247	0	0	3
351	529	0	3.26337374	293.203011	293.203005	293.202999	293.203014	3.07307982e-06	9.07738137e-05	0	100	0.404545	0	0	3
352	530	0	3.2726711	293.20301	293.203005	293.202999	293.203014	3.28375108e-06	9.07738137e-05	0	100	0.400586	0	0	3
353	532	0	3.28196846	293.203008	293.203006	293.202999	293.203014	3.43990587e-06	9.07738137e-05	0	100	0.403991	0	0	3
354	533	0	3.29126582	293.203009	293.203006	293.202999	293.203014	3.63454797e-06	9.07738137e-05	0	100	0.401338	0	0	3
355	535	0	3.30056318	293.203014	293.203006	293.202999	293.203014	3.8915058e-06	9.07738137e-05	0	100	0.404766	0	0	3
356	536	0	3.30986054	293.203015	293.203006	293.202999	293.203015	4.17536393e-06	9.07738137e-05	0	100	0.40206	0	0	3
357	538	0	3.3191579	293.203013	293.203007	293.202999	293.203015	4.42306072e-06	9.07738137e-05	0	100	0.405179	0	0	3
358	539	0	3.32845526	293.203014	293.203007	293.203	293.203015	4.6781912e-06	9.07738137e-05	0	100	0.401729	0	0	3
359	541	0	3.33775262	293.203014	293.203007	293.203001	293.203015	4.85222131e-06	9.07738137e-05	0	100	0.404512	0	0	3
360	542	0	3.34704999	293.203011	293.203007	293.203001	293.203015	4.95727886e-06	9.07738137e-05	0	100	0.402104	0	0	3
361	544	0	3.35634735	293.203008	293.203007	293.203001	293.203015	4.98660324e-06	9.07738137e-05	0	100	0.404406	0	0	3
362	546	0	3.36564471	293.203005	293.203007	293.203001	293.203015	4.96032123e-06	9.07738137e-05	0	100	0.401296	0	0	3
363	547	0	3.37494207	293.203003	293.203008	293.203001	293.203015	4.88185128e-06	9.07738137e-05	0	100	0.403853	0	0	3
364	549	0	3.38423943	293.203001	293.203007	293.203001	293.203015	4.85040374e-06	9.07738137e-05	0	100	0.400933	0	0	3
365	550	0	3.39353679	293.202999	293.203007	293.202999	293.203015	4.81671111e-06	9.07738137e-05	0	100	0.404162	0	0	3
366	552	0	3.40283415	293.202998	293.203007	293.202998	293.203015	4.81671111e-06	9.07738137e-05	0	100	0.401648	0	0	3
367	553	0	3.41213151	293.202998	293.203007	293.202998	293.203015	4.81671111e-06	9.07738137e-05	0	100	0.405539	0	0	3
368	555	0	3.42142887	293.202999	293.203007	293.202998	293.203015	4.81671111e-06	9.07738137e-05	0	100	0.402344	0	0	3
369	556	0	3.43072624	293.203001	293.203007	293.202998	293.203015	4.81671111e-06	9.07738137e-05	0	100	0.406104	0	0	3
370	558	0	3.4400236	293.203002	293.203007	293.202998	293.203015	4.81671111e-06	9.07738137e-05	0	100	0.403126	0	0	3
371	559	0	3.44932096	293.203004	293.203007	293.202998	293.203015	4.81671111e-06	9.07738137e-05	0	100	0.40621	0	0	3
372	561	0	3.45861832	293.203005	293.203007	293.202998	293.203015	4.81671111e-06	9.07738137e-05	0	100	0.40396	0	0	3
373	563	0	3.46791568	293.203007	293.203007	293.202998	293.203015	4.81671111e-06	9.07738137e-05	0	100	0.40692	0	0	3
374	564	0	3.47721304	293.203008	293.203007	293.202998	293.203015	4.81671111e-06	9.07738137e-05	0	100	0.404298	0	0	3
375	565	0	3.4865104	293.203007	293.203007	293.202998	293.203015	4.81671111e-06	9.07738137e-05	0	100	0.4078	0	0	3
376	567	0	3.49580776	293.203008	293.203007	293.202998	293.203015	4.81671111e-06	9.07738137e-05	0	100	0.404991	0	0	3
377	568	0	3.50510512	293.203008	293.203007	293.202998	293.203015	4.81671111e-06	9.07738137e-05	0	100	0.407653	0	0	3
378	570	0	3.51440248	293.203009	293.203007	293.202998	293.203015	4.81671111e-06	9.07738137e-05	0	100	0.403326	0	0	3
379	571	0	3.52369985	293.203008	293.203007	293.202998	293.203015	4.81671111e-06	9.07738137e-05	0	100	0.40582	0	0	3
380	573	0	3.53299721	293.203007	293.203007	293.202998	293.203015	4.81671111e-06	9.07738137e-05	0	100	0.403311	0	0	3
381	574	0	3.54229457	293.203007	293.203008	293.202998	293.203015	4.82922246e-06	9.07738137e-05	0	100	0.40691	0	0	3
382	576	0	3.55159193	293.203007	293.203008	293.202998	293.203015	4.90183828e-06	9.07738137e-05	0	100	0.403599	0	0	3
383	578	0	3.56088929	293.203009	293.203008	293.202998	293.203015	5.01360057e-06	9.07738137e-05	0	100	0.406703	0	0	3
384	579	0	3.57018665	293.20301	293.203008	293.202998	293.203015	5.17559062e-06	9.07738137e-05	0	100	0.402415	0	0	3
385	581	0	3.57948401	293.203012	293.203008	293.202998	293.203015	5.32822918e-06	9.07738137e-05	0	100	0.404985	0	0	3
386	582	0	3.58878137	293.203011	293.203008	293.202998	293.203015	5.46858934e-06	9.07738137e-05	0	100	0.401771	0	0	3
387	584	0	3.59807873	293.20301	293.203008	293.202998	293.203015	5.58022361e-06	9.07738137e-05	0	100	0.404868	0	0	3
388	585	0	3.6073761	293.20301	293.203008	293.202998	293.203015	5.56986487e-06	9.07738137e-05	0	100	0.402422	0	0	3
389	587	0	3.61667346	293.203011	293.203008	293.202998	293.203015	5.45002104e-06	9.07738137e-05	0	100	0.404869	0	0	3
390	588	0	3.62597082	293.20301	293.203008	293.202998	293.203015	5.25140973e-06	9.07738137e-05	0	100	0.401696	0	0	3
391	590	0	3.63526818	293.20301	293.203008	293.202998	293.203015	5.10082009e-06	9.07738137e-05	0	100	0.404732	0	0	3
392	591	0	3.64456554	293.203013	293.203008	293.202998	293.203015	5.00164248e-06	9.07738137e-05	0	100	0.401313	0	0	3
393	593	0	3.6538629	293.203013	293.203009	293.202998	293.203015	4.93902928e-06	9.07738137e-05	0	100	0.405021	0	0	3
394	595	0	3.66316026	293.203013	293.203009	293.202998	293.203015	4.88333683e-06	9.07738137e-05	0	100	0.402203	0	0	3
395	596	0	3.67245762	293.203013	293.203009	293.202998	293.203015	4.81630303e-06	9.07738137e-05	0	100	0.453828	0	0	3
396	598	0	3.68175498	293.203014	293.203009	293.202998	293.203015	4.81245462e-06	9.07738137e-05	0	100	0.401434	0	0	3
397	600	0	3.69105235	293.203013	293.203009	293.202998	293.203015	4.81924479e-06	9.07738137e-05	0	100	0.403445	0	0	3
398	601	0	3.70034971	293.203013	293.203009	293.202998	293.203015	4.73761889e-06	9.07738137e-05	0	100	0.401889	0	0	3
399	603	0	3.70964707	293.203013	293.203009	293.202998	293.203015	4.58920164e-06	9.07738137e-05	0	100	0.403546	0	0	3
400	604	0	3.71894443	293.203012	293.203009	293.202998	293.203015	4.42406633e-06	9.07738137e-05	0	100	0.401981	0	0	3
401	607	0	3.72824179	293.203013	293.203009	293.202998	293.203015	4.26167804e-06	9.07738137e-05	0	100	0.404093	0	0	3
402	608	0	3.73753915	293.20301	293.203009	293.202998	293.203015	4.09826265e-06	9.07738137e-05	0	100	0.401569	0	0	3
403	610	0	3.74683651	293.203009	293.203009	293.202998	293.203015	3.904474e-06	9.07738137e-05	0	100	0.404261	0	0	3
404	611	0	3.75613387	293.203009	293.203009	293.202998	293.203015	3.72401706e-06	9.07738137e-05	0	100	0.40184	0	0	3
405	613	0	3.76543123	293.203007	293.203009	293.202998	293.203015	3.5133458e-06	9.07738137e-05	0	100	0.404062	0	0	3
406	615	0	3.77472859	293.203003	293.203009	293.202998	293.203015	3.35719102e-06	9.07738137e-05	0	100	0.402851	0	0	3
407	616	0	3.78402596	293.203001	293.203008	293.202998	293.203015	3.16254892e-06	9.07738137e-05	0	100	0.404662	0	0	3
408	618	0	3.79332332	293.202999	293.203008	293.202998	293.203015	2.90559109e-06	9.07738137e-05	0	100	0.402145	0	0	3
409	619	0	3.80262068	293.203001	293.203008	293.202998	293.203015	2.62173296e-06	9.07738137e-05	0	100	0.403834	0	0	3
410	620	0	3.81191804	293.203001	293.203008	293.202998	293.203014	2.37403617e-06	9.07738137e-05	0	100	0.401419	0	0	3
411	622	0	3.8212154	293.203003	293.203007	293.202998	293.203014	2.09570584e-06	9.07738137e-05	0	100	0.403615	0	0	3
412	624	0	3.83051276	293.203003	293.203007	293.202998	293.203014	2.09553349e-06	9.07738137e-05	0	100	0.401207	0	0	3
413	625	0	3.83981012	293.203003	293.203007	293.202998	293.203014	2.09553349e-06	9.07738137e-05	0	100	0.403637	0	0	3
414	627	0	3.84910748	293.203003	293.203007	293.202998	293.203014	2.09553349e-06	9.07738137e-05	0	100	0.40127	0	0	3
415	629	0	3.85840484	293.203002	293.203007	293.202998	293.203014	2.13200724e-06	9.07738137e-05	0	100	0.403132	0	0	3
416	630	0	3.86770221	293.203003	293.203007	293.202998	293.203014	2.17773265e-06	9.07738137e-05	0	100	0.401848	0	0	3
417	632	0	3.87699957	293.203005	293.203007	293.202998	293.203014	2.17773265e-06	9.07738137e-05	0	100	0.403944	0	0	3
418	634	0	3.88629693	293.203006	293.203007	293.202998	293.203014	2.17773265e-06	9.07738137e-05	0	100	0.401772	0	0	3
419	635	0	3.89559429	293.203006	293.203007	293.202998	293.203014	2.17773265e-06	9.07738137e-05	0	100	0.404241	0	0	3
420	637	0	3.90489165	293.203008	293.203007	293.202998	293.203014	2.17773265e-06	9.07738137e-05	0	100	0.402249	0	0	3
421	638	0	3.91418901	293.203009	293.203007	293.202999	293.203014	2.17773265e-06	9.07738137e-05	0	100	0.405163	0	0	3
422	640	0	3.92348637	293.20301	293.203008	293.202999	293.203014	2.17773265e-06	9.07738137e-05	0	100	0.402667	0	0	3
423	641	0	3.93278373	293.20301	293.203008	293.202999	293.203014	2.17773265e-06	9.07738137e-05	0	100	0.405362	0	0	3
424	643	0	3.94208109	293.203012	293.203008	293.202999	293.203014	2.17773265e-06	9.07738137e-05	0	100	0.402904	0	0	3
425	644	0	3.95137846	293.203014	293.203008	293.202999	293.203014	2.17773265e-06	9.07738137e-05	0	100	0.405196	0	0	3
426	646	0	3.96067582	293.203014	293.203008	293.202999	293.203014	2.17773265e-06	9.07738137e-05	0	100	0.402293	0	0	3
427	648	0	3.96997318	293.203015	293.203008	293.202999	293.203015	2.17773265e-06	9.07738137e-05	0	100	0.40406	0	0	3
428	649	0	3.97927054	293.203016	293.203009	293.202999	293.203016	2.17773265e-06	9.07738137e-05	0	100	0.401965	0	0	3
429	651	0	3.9885679	293.203015	293.203009	293.202999	293.203016	2.17773265e-06	9.07738137e-05	0	100	0.404287	0	0	3
430	652	0	3.99786526	293.203013	293.203009	293.202999	293.203016	2.17773265e-06	9.07738137e-05	0	100	0.402388	0	0	3
431	654	0	4.00716262	293.20301	293.203009	293.202999	293.203016	2.17773265e-06	9.07738137e-05	0	100	0.405939	0	0	3
