Iteration	CPUTime	PhysTime	Travels	Value	AvValue	MinValue	MaxValue	Delta	Criteria	Progress	dGMaxMin	CriteriaType	CriteriaVarType	CriteriaPercentage
1	4	0	0.00929736107	0	0	0	0	0	0	0	0	0	0	0	3
2	5	0	0.0185947221	0	0	0	0	0	0	0	0	0	0	0	3
3	7	0	0.0278920832	0	0	0	0	0	0	0	0	0	0	0	3
4	8	0	0.0371894443	0	0	0	0	0	0	0	0	0	0	0	3
5	10	0	0.0464868054	0	0	0	0	0	0	0	0	0	0	0	3
6	11	0	0.0557841664	0	0	0	0	0	0	0	0	0	0	0	3
7	12	0	0.0650815275	0	0	0	0	0	0	0	0	0	0	0	3
8	14	0	0.0743788886	0	0	0	0	0	0	0	0	0	0	0	3
9	15	0	0.0836762496	0	0	0	0	0	0	0	0	0	0	0	3
10	16	0	0.0929736107	0	0	0	0	0	0	0	0	0	0	0	3
11	18	0	0.102270972	0	0	0	0	0	0	0	0	0	0	0	3
12	19	0	0.111568333	0	0	0	0	0	0	0	0	0	0	0	3
13	20	0	0.120865694	0	0	0	0	0	0	0	0	0	0	0	3
14	22	0	0.130163055	0	0	0	0	0	0	0	0	0	0	0	3
15	23	0	0.139460416	0	0	0	0	0	0	0	0	0	0	0	3
16	25	0	0.148757777	0	0	0	0	0	0	0	0	0	0	0	3
17	26	0	0.158055138	0	0	0	0	0	0	0	0	0	0	0	3
18	27	0	0.167352499	0	0	0	0	0	0	0	0	0	0	0	3
19	29	0	0.17664986	0	0	0	0	0	0	0	0	0	0	0	3
20	30	0	0.185947221	0	0	0	0	0	0	0	0	0	0	0	3
21	31	0	0.195244582	0	0	0	0	0	0	0	0	0	0	0	3
22	33	0	0.204541944	0	0	0	0	0	0	0	0	0	0	0	3
23	34	0	0.213839305	0	0	0	0	0	0	0	0	0	0	0	3
24	35	0	0.223136666	0	0	0	0	0	0	0	0	0	0	0	3
25	37	0	0.232434027	0	0	0	0	0	0	0	0	0	0	0	3
26	38	0	0.241731388	0	0	0	0	0	0	0	0	0	0	0	3
27	40	0	0.251028749	0	0	0	0	0	0	0	0	0	0	0	3
28	41	0	0.26032611	0	0	0	0	0	0	0	0	0	0	0	3
29	43	0	0.269623471	0	0	0	0	0	0	0	0	0	0	0	3
30	44	0	0.278920832	0	0	0	0	0	0	0	0	0	0	0	3
31	46	0	0.288218193	0	0	0	0	0	0	0	0	0	0	0	3
32	47	0	0.297515554	0	0	0	0	0	0	0	0	0	0	0	3
33	49	0	0.306812915	0	0	0	0	0	0	0	0	0	0	0	3
34	50	0	0.316110276	0	0	0	0	0	0	0	0	0	0	0	3
35	51	0	0.325407637	0	0	0	0	0	0	0	0	0	0	0	3
36	53	0	0.334704999	0	0	0	0	0	0	0	0	0	0	0	3
37	54	0	0.34400236	0	0	0	0	0	0	0	0	0	0	0	3
38	56	0	0.353299721	0	0	0	0	0	0	0	0	0	0	0	3
39	57	0	0.362597082	0	0	0	0	0	0	0	0	0	0	0	3
40	59	0	0.371894443	0	0	0	0	0	0	0	0	0	0	0	3
41	60	0	0.381191804	0	0	0	0	0	0	0	0	0	0	0	3
42	62	0	0.390489165	0	0	0	0	0	0	0	0	0	0	0	3
43	63	0	0.399786526	0	0	0	0	0	0	0	0	0	0	0	3
44	64	0	0.409083887	0	0	0	0	0	0	0	0	0	0	0	3
45	66	0	0.418381248	0	0	0	0	0	0	0	0	0	0	0	3
46	68	0	0.427678609	0	0	0	0	0	0	0	0	0	0	0	3
47	69	0	0.43697597	0	0	0	0	0	0	0	0	0	0	0	3
48	70	0	0.446273331	0	0	0	0	0	0	0	0	0	0	0	3
49	72	0	0.455570692	0	0	0	0	0	0	0	0	0	0	0	3
50	73	0	0.464868054	0	0	0	0	0	0	0	0	0	0	0	3
51	75	0	0.474165415	0	0	0	0	0	0	0	0	0	0	0	3
52	77	0	0.483462776	0	0	0	0	0	0	0	0	0	0	0	3
53	78	0	0.492760137	0	0	0	0	0	0	0	0	0	0	0	3
54	79	0	0.502057498	0	0	0	0	0	0	0	0	0	0	0	3
55	81	0	0.511354859	0	0	0	0	0	0	0	0	0	0	0	3
56	82	0	0.52065222	0	0	0	0	0	0	0	0	0	0	0	3
57	84	0	0.529949581	0	0	0	0	0	0	0	0	0	0	0	3
58	85	0	0.539246942	0	0	0	0	0	0	0	0	0	0	0	3
59	87	0	0.548544303	0	0	0	0	0	0	0	0	0	0	0	3
60	88	0	0.557841664	0	0	0	0	0	0	0	0	0	0	0	3
61	90	0	0.567139025	0	0	0	0	0	0	0	0	0	0	0	3
62	91	0	0.576436386	0	0	0	0	0	0	0	0	0	0	0	3
63	93	0	0.585733747	0	0	0	0	0	0	0	0	0	0	0	3
64	94	0	0.595031109	0	0	0	0	0	0	0	0	0	0	0	3
65	96	0	0.60432847	0	0	0	0	0	0	0	0	0	0	0	3
66	97	0	0.613625831	0	0	0	0	0	0	0	0	0	0	0	3
67	99	0	0.622923192	0	0	0	0	0	0	0	0	0	0	0	3
68	100	0	0.632220553	0	0	0	0	0	0	0	0	0	0	0	3
69	102	0	0.641517914	0	0	0	0	0	0	0	0	0	0	0	3
70	103	0	0.650815275	0	0	0	0	0	0	0	0	0	0	0	3
71	105	0	0.660112636	0	0	0	0	0	0	0	0	0	0	0	3
72	107	0	0.669409997	0	0	0	0	0	0	0	0	0	0	0	3
73	108	0	0.678707358	0	0	0	0	0	0	0	0	0	0	0	3
74	110	0	0.688004719	0	0	0	0	0	0	0	0	0	0	0	3
75	111	0	0.69730208	0	0	0	0	0	0	0	0	0	0	0	3
76	113	0	0.706599441	0	0	0	0	0	0	0	0	0	0	0	3
77	114	0	0.715896802	0	0	0	0	0	0	0	0	0	0	0	3
78	116	0	0.725194164	0	0	0	0	0	0	0	0	0	0	0	3
79	118	0	0.734491525	0	0	0	0	0	0	0	0	0	0	0	3
80	119	0	0.743788886	0	0	0	0	0	0	0	0	0	0	0	3
81	120	0	0.753086247	0	0	0	0	0	0	0	0	0	0	0	3
82	122	0	0.762383608	0	0	0	0	0	0	0	0	0	0	0	3
83	124	0	0.771680969	0	0	0	0	0	0	0	0	0	0	0	3
84	126	0	0.78097833	0	0	0	0	0	0	0	0	0	0	0	3
85	127	0	0.790275691	0	0	0	0	0	0	0	0	0	0	0	3
86	128	0	0.799573052	0	0	0	0	0	0	0	0	0	0	0	3
87	130	0	0.808870413	0	0	0	0	0	0	0	0	0	0	0	3
88	131	0	0.818167774	0	0	0	0	0	0	0	0	0	0	0	3
89	133	0	0.827465135	0	0	0	0	0	0	0	0	0	0	0	3
90	134	0	0.836762496	0	0	0	0	0	0	0	0	0	0	0	3
91	136	0	0.846059857	0	0	0	0	0	0	0	0	0	0	0	3
92	137	0	0.855357219	0	0	0	0	0	0	0	0	0	0	0	3
93	138	0	0.86465458	0	0	0	0	0	0	0	0	0	0	0	3
94	140	0	0.873951941	0	0	0	0	0	0	0	0	0	0	0	3
95	141	0	0.883249302	0	0	0	0	0	0	0	0	0	0	0	3
96	142	0	0.892546663	0	0	0	0	0	0	0	0	0	0	0	3
97	144	0	0.901844024	0	0	0	0	0	0	0	0	0	0	0	3
98	145	0	0.911141385	0	0	0	0	0	0	0	0	0	0	0	3
99	147	0	0.920438746	0	0	0	0	0	0	0	0	0	0	0	3
100	148	0	0.929736107	0	0	0	0	0	0	0	0	0	0	0	3
101	151	0	0.939033468	0	0	0	0	0	0	0	0	0	0	0	3
102	152	0	0.948330829	0	0	0	0	0	0	0	0	0	0	0	3
103	154	0	0.95762819	0	0	0	0	0	0	0	0	0	0	0	3
104	155	0	0.966925551	0	0	0	0	0	0	0	0	0	0	0	3
105	157	0	0.976222912	0	0	0	0	0	0	0	0	0	0	0	3
106	158	0	0.985520273	0	0	0	0	0	0	0	0	0	0	0	3
107	160	0	0.994817635	0	0	0	0	0	0	0	0	0	0	0	3
108	162	0	1.004115	0	0	0	0	0	5e-06	0	100	0	0	0	3
109	163	0	1.01341236	0	0	0	0	0	5e-06	0	100	0	0	0	3
110	165	0	1.02270972	0	0	0	0	0	5e-06	0	100	0	0	0	3
111	166	0	1.03200708	0	0	0	0	0	5e-06	0	100	0	0	0	3
112	168	0	1.04130444	0	0	0	0	0	5e-06	0	100	0	0	0	3
113	169	0	1.0506018	0	0	0	0	0	5e-06	0	100	0	0	0	3
114	171	0	1.05989916	0	0	0	0	0	5e-06	0	100	0	0	0	3
115	172	0	1.06919652	0	0	0	0	0	5e-06	0	100	0	0	0	3
116	174	0	1.07849388	0	0	0	0	0	5e-06	0	100	0	0	0	3
117	175	0	1.08779125	0	0	0	0	0	5e-06	0	100	0	0	0	3
118	177	0	1.09708861	0	0	0	0	0	5e-06	0	100	0	0	0	3
119	178	0	1.10638597	0	0	0	0	0	5e-06	0	100	0	0	0	3
120	180	0	1.11568333	0	0	0	0	0	5e-06	0	100	0	0	0	3
121	181	0	1.12498069	0	0	0	0	0	5e-06	0	100	0	0	0	3
122	182	0	1.13427805	0	0	0	0	0	5e-06	0	100	0	0	0	3
123	184	0	1.14357541	0	0	0	0	0	5e-06	0	100	0	0	0	3
124	185	0	1.15287277	0	0	0	0	0	5e-06	0	100	0	0	0	3
125	187	0	1.16217013	0	0	0	0	0	5e-06	0	100	0	0	0	3
126	188	0	1.17146749	0	0	0	0	0	5e-06	0	100	0	0	0	3
127	190	0	1.18076486	0	0	0	0	0	5e-06	0	100	0	0	0	3
128	191	0	1.19006222	0	0	0	0	0	5e-06	0	100	0	0	0	3
129	192	0	1.19935958	0	0	0	0	0	5e-06	0	100	0	0	0	3
130	194	0	1.20865694	0	0	0	0	0	5e-06	0	100	0	0	0	3
131	195	0	1.2179543	0	0	0	0	0	5e-06	0	100	0	0	0	3
132	197	0	1.22725166	0	0	0	0	0	5e-06	0	100	0	0	0	3
133	198	0	1.23654902	0	0	0	0	0	5e-06	0	100	0	0	0	3
134	199	0	1.24584638	0	0	0	0	0	5e-06	0	100	0	0	0	3
135	201	0	1.25514374	0	0	0	0	0	5e-06	0	100	0	0	0	3
136	202	0	1.26444111	0	0	0	0	0	5e-06	0	100	0	0	0	3
137	203	0	1.27373847	0	0	0	0	0	5e-06	0	100	0	0	0	3
138	205	0	1.28303583	0	0	0	0	0	5e-06	0	100	0	0	0	3
139	206	0	1.29233319	0	0	0	0	0	5e-06	0	100	0	0	0	3
140	207	0	1.30163055	0	0	0	0	0	5e-06	0	100	0	0	0	3
141	209	0	1.31092791	0	0	0	0	0	5e-06	0	100	0	0	0	3
142	210	0	1.32022527	0	0	0	0	0	5e-06	0	100	0	0	0	3
143	212	0	1.32952263	0	0	0	0	0	5e-06	0	100	0	0	0	3
144	213	0	1.33881999	0	0	0	0	0	5e-06	0	100	0	0	0	3
145	215	0	1.34811736	0	0	0	0	0	5e-06	0	100	0	0	0	3
146	216	0	1.35741472	0	0	0	0	0	5e-06	0	100	0	0	0	3
147	217	0	1.36671208	0	0	0	0	0	5e-06	0	100	0	0	0	3
148	219	0	1.37600944	0	0	0	0	0	5e-06	0	100	0	0	0	3
149	220	0	1.3853068	0	0	0	0	0	5e-06	0	100	0	0	0	3
150	222	0	1.39460416	0	0	0	0	0	5e-06	0	100	0	0	0	3
151	223	0	1.40390152	0	0	0	0	0	5e-06	0	100	0	0	0	3
152	224	0	1.41319888	0	0	0	0	0	5e-06	0	100	0	0	0	3
153	226	0	1.42249624	0	0	0	0	0	5e-06	0	100	0	0	0	3
154	227	0	1.4317936	0	0	0	0	0	5e-06	0	100	0	0	0	3
155	228	0	1.44109097	0	0	0	0	0	5e-06	0	100	0	0	0	3
156	230	0	1.45038833	0	0	0	0	0	5e-06	0	100	0	0	0	3
157	231	0	1.45968569	0	0	0	0	0	5e-06	0	100	0	0	0	3
158	233	0	1.46898305	0	0	0	0	0	5e-06	0	100	0	0	0	3
159	234	0	1.47828041	0	0	0	0	0	5e-06	0	100	0	0	0	3
160	236	0	1.48757777	0	0	0	0	0	5e-06	0	100	0	0	0	3
161	237	0	1.49687513	0	0	0	0	0	5e-06	0	100	0	0	0	3
162	238	0	1.50617249	0	0	0	0	0	5e-06	0	100	0	0	0	3
163	240	0	1.51546985	0	0	0	0	0	5e-06	0	100	0	0	0	3
164	241	0	1.52476722	0	0	0	0	0	5e-06	0	100	0	0	0	3
165	243	0	1.53406458	0	0	0	0	0	5e-06	0	100	0	0	0	3
166	244	0	1.54336194	0	0	0	0	0	5e-06	0	100	0	0	0	3
167	245	0	1.5526593	0	0	0	0	0	5e-06	0	100	0	0	0	3
168	247	0	1.56195666	0	0	0	0	0	5e-06	0	100	0	0	0	3
169	248	0	1.57125402	0	0	0	0	0	5e-06	0	100	0	0	0	3
170	250	0	1.58055138	0	0	0	0	0	5e-06	0	100	0	0	0	3
171	251	0	1.58984874	0	0	0	0	0	5e-06	0	100	0	0	0	3
172	252	0	1.5991461	0	0	0	0	0	5e-06	0	100	0	0	0	3
173	254	0	1.60844347	0	0	0	0	0	5e-06	0	100	0	0	0	3
174	255	0	1.61774083	0	0	0	0	0	5e-06	0	100	0	0	0	3
175	257	0	1.62703819	0	0	0	0	0	5e-06	0	100	0	0	0	3
176	258	0	1.63633555	0	0	0	0	0	5e-06	0	100	0	0	0	3
177	259	0	1.64563291	0	0	0	0	0	5e-06	0	100	0	0	0	3
178	261	0	1.65493027	0	0	0	0	0	5e-06	0	100	0	0	0	3
179	262	0	1.66422763	0	0	0	0	0	5e-06	0	100	0	0	0	3
180	264	0	1.67352499	0	0	0	0	0	5e-06	0	100	0	0	0	3
181	265	0	1.68282235	0	0	0	0	0	5e-06	0	100	0	0	0	3
182	267	0	1.69211971	0	0	0	0	0	5e-06	0	100	0	0	0	3
183	268	0	1.70141708	0	0	0	0	0	5e-06	0	100	0	0	0	3
184	269	0	1.71071444	0	0	0	0	0	5e-06	0	100	0	0	0	3
185	271	0	1.7200118	0	0	0	0	0	5e-06	0	100	0	0	0	3
186	272	0	1.72930916	0	0	0	0	0	5e-06	0	100	0	0	0	3
187	274	0	1.73860652	0	0	0	0	0	5e-06	0	100	0	0	0	3
188	276	0	1.74790388	0	0	0	0	0	5e-06	0	100	0	0	0	3
189	277	0	1.75720124	0	0	0	0	0	5e-06	0	100	0	0	0	3
190	279	0	1.7664986	0	0	0	0	0	5e-06	0	100	0	0	0	3
191	280	0	1.77579596	0	0	0	0	0	5e-06	0	100	0	0	0	3
192	282	0	1.78509333	0	0	0	0	0	5e-06	0	100	0	0	0	3
193	283	0	1.79439069	0	0	0	0	0	5e-06	0	100	0	0	0	3
194	285	0	1.80368805	0	0	0	0	0	5e-06	0	100	0	0	0	3
195	286	0	1.81298541	0	0	0	0	0	5e-06	0	100	0	0	0	3
196	288	0	1.82228277	0	0	0	0	0	5e-06	0	100	0	0	0	3
197	289	0	1.83158013	0	0	0	0	0	5e-06	0	100	0	0	0	3
198	291	0	1.84087749	0	0	0	0	0	5e-06	0	100	0	0	0	3
199	292	0	1.85017485	0	0	0	0	0	5e-06	0	100	0	0	0	3
200	293	0	1.85947221	0	0	0	0	0	5e-06	0	100	0	0	0	3
201	296	0	1.86876958	0	0	0	0	0	5e-06	0	100	0	0	0	3
202	297	0	1.87806694	0	0	0	0	0	5e-06	0	100	0	0	0	3
203	299	0	1.8873643	0	0	0	0	0	5e-06	0	100	0	0	0	3
204	300	0	1.89666166	0	0	0	0	0	5e-06	0	100	0	0	0	3
205	302	0	1.90595902	0	0	0	0	0	5e-06	0	100	0	0	0	3
206	303	0	1.91525638	0	0	0	0	0	5e-06	0	100	0	0	0	3
207	305	0	1.92455374	0	0	0	0	0	5e-06	0	100	0	0	0	3
208	306	0	1.9338511	0	0	0	0	0	5e-06	0	100	0	0	0	3
209	307	0	1.94314846	0	0	0	0	0	5e-06	0	100	0	0	0	3
210	309	0	1.95244582	0	0	0	0	0	5e-06	0	100	0	0	0	3
201	297	0	1.86876958	0	0	0	0	0	5e-06	0	100	0	0	0	3
202	298	0	1.87806694	0	0	0	0	0	5e-06	0	100	0	0	0	3
203	300	0	1.8873643	0	0	0	0	0	5e-06	0	100	0	0	0	3
204	301	0	1.89666166	0	0	0	0	0	5e-06	0	100	0	0	0	3
205	303	0	1.90595902	0	0	0	0	0	5e-06	0	100	0	0	0	3
206	304	0	1.91525638	0	0	0	0	0	5e-06	0	100	0	0	0	3
207	306	0	1.92455374	0	0	0	0	0	5e-06	0	100	0	0	0	3
208	307	0	1.9338511	0	0	0	0	0	5e-06	0	100	0	0	0	3
209	309	0	1.94314846	0	0	0	0	0	5e-06	0	100	0	0	0	3
210	310	0	1.95244582	0	0	0	0	0	5e-06	0	100	0	0	0	3
211	312	0	1.96174319	0	0	0	0	0	5e-06	0	100	0	0	0	3
212	313	0	1.97104055	0	0	0	0	0	5e-06	0	100	0	0	0	3
213	315	0	1.98033791	0	0	0	0	0	5e-06	0	100	0	0	0	3
214	316	0	1.98963527	0	0	0	0	0	5e-06	0	100	0	0	0	3
215	318	0	1.99893263	0	0	0	0	0	5e-06	0	100	0	0	0	3
216	319	0	2.00822999	0	0	0	0	0	5e-06	0	100	0	0	0	3
217	321	0	2.01752735	0	0	0	0	0	5e-06	0	100	0	0	0	3
218	323	0	2.02682471	0	0	0	0	0	5e-06	0	100	0	0	0	3
219	324	0	2.03612207	0	0	0	0	0	5e-06	0	100	0	0	0	3
220	326	0	2.04541944	0	0	0	0	0	5e-06	0	100	0	0	0	3
221	327	0	2.0547168	0	0	0	0	0	5e-06	0	100	0	0	0	3
222	329	0	2.06401416	0	0	0	0	0	5e-06	0	100	0	0	0	3
223	331	0	2.07331152	0	0	0	0	0	5e-06	0	100	0	0	0	3
224	332	0	2.08260888	0	0	0	0	0	5e-06	0	100	0	0	0	3
225	334	0	2.09190624	0	0	0	0	0	5e-06	0	100	0	0	0	3
226	336	0	2.1012036	0	0	0	0	0	5e-06	0	100	0	0	0	3
227	337	0	2.11050096	0	0	0	0	0	5e-06	0	100	0	0	0	3
228	339	0	2.11979832	0	0	0	0	0	5e-06	0	100	0	0	0	3
229	340	0	2.12909569	0	0	0	0	0	5e-06	0	100	0	0	0	3
230	342	0	2.13839305	0	0	0	0	0	5e-06	0	100	0	0	0	3
231	343	0	2.14769041	0	0	0	0	0	5e-06	0	100	0	0	0	3
232	345	0	2.15698777	0	0	0	0	0	5e-06	0	100	0	0	0	3
233	346	0	2.16628513	0	0	0	0	0	5e-06	0	100	0	0	0	3
234	348	0	2.17558249	0	0	0	0	0	5e-06	0	100	0	0	0	3
235	349	0	2.18487985	0	0	0	0	0	5e-06	0	100	0	0	0	3
236	351	0	2.19417721	0	0	0	0	0	5e-06	0	100	0	0	0	3
237	352	0	2.20347457	0	0	0	0	0	5e-06	0	100	0	0	0	3
238	354	0	2.21277193	0	0	0	0	0	5e-06	0	100	0	0	0	3
239	355	0	2.2220693	0	0	0	0	0	5e-06	0	100	0	0	0	3
240	357	0	2.23136666	0	0	0	0	0	5e-06	0	100	0	0	0	3
241	359	0	2.24066402	0	0	0	0	0	5e-06	0	100	0	0	0	3
242	360	0	2.24996138	0	0	0	0	0	5e-06	0	100	0	0	0	3
243	362	0	2.25925874	0	0	0	0	0	5e-06	0	100	0	0	0	3
244	363	0	2.2685561	0	0	0	0	0	5e-06	0	100	0	0	0	3
245	365	0	2.27785346	0	0	0	0	0	5e-06	0	100	0	0	0	3
246	367	0	2.28715082	0	0	0	0	0	5e-06	0	100	0	0	0	3
247	368	0	2.29644818	0	0	0	0	0	5e-06	0	100	0	0	0	3
248	370	0	2.30574555	0	0	0	0	0	5e-06	0	100	0	0	0	3
249	371	0	2.31504291	0	0	0	0	0	5e-06	0	100	0	0	0	3
250	373	0	2.32434027	0	0	0	0	0	5e-06	0	100	0	0	0	3
251	374	0	2.33363763	0	0	0	0	0	5e-06	0	100	0	0	0	3
252	376	0	2.34293499	0	0	0	0	0	5e-06	0	100	0	0	0	3
253	378	0	2.35223235	0	0	0	0	0	5e-06	0	100	0	0	0	3
254	379	0	2.36152971	0	0	0	0	0	5e-06	0	100	0	0	0	3
255	381	0	2.37082707	0	0	0	0	0	5e-06	0	100	0	0	0	3
256	382	0	2.38012443	0	0	0	0	0	5e-06	0	100	0	0	0	3
257	384	0	2.3894218	0	0	0	0	0	5e-06	0	100	0	0	0	3
258	386	0	2.39871916	0	0	0	0	0	5e-06	0	100	0	0	0	3
259	387	0	2.40801652	0	0	0	0	0	5e-06	0	100	0	0	0	3
260	389	0	2.41731388	0	0	0	0	0	5e-06	0	100	0	0	0	3
261	390	0	2.42661124	0	0	0	0	0	5e-06	0	100	0	0	0	3
262	392	0	2.4359086	0	0	0	0	0	5e-06	0	100	0	0	0	3
263	393	0	2.44520596	0	0	0	0	0	5e-06	0	100	0	0	0	3
264	395	0	2.45450332	0	0	0	0	0	5e-06	0	100	0	0	0	3
265	396	0	2.46380068	0	0	0	0	0	5e-06	0	100	0	0	0	3
266	398	0	2.47309804	0	0	0	0	0	5e-06	0	100	0	0	0	3
267	399	0	2.48239541	0	0	0	0	0	5e-06	0	100	0	0	0	3
268	401	0	2.49169277	0	0	0	0	0	5e-06	0	100	0	0	0	3
269	402	0	2.50099013	0	0	0	0	0	5e-06	0	100	0	0	0	3
270	404	0	2.51028749	0	0	0	0	0	5e-06	0	100	0	0	0	3
271	405	0	2.51958485	0	0	0	0	0	5e-06	0	100	0	0	0	3
272	407	0	2.52888221	0	0	0	0	0	5e-06	0	100	0	0	0	3
273	408	0	2.53817957	0	0	0	0	0	5e-06	0	100	0	0	0	3
274	410	0	2.54747693	0	0	0	0	0	5e-06	0	100	0	0	0	3
275	411	0	2.55677429	0	0	0	0	0	5e-06	0	100	0	0	0	3
276	413	0	2.56607166	0	0	0	0	0	5e-06	0	100	0	0	0	3
277	415	0	2.57536902	0	0	0	0	0	5e-06	0	100	0	0	0	3
278	416	0	2.58466638	0	0	0	0	0	5e-06	0	100	0	0	0	3
279	418	0	2.59396374	0	0	0	0	0	5e-06	0	100	0	0	0	3
280	419	0	2.6032611	0	0	0	0	0	5e-06	0	100	0	0	0	3
281	421	0	2.61255846	0	0	0	0	0	5e-06	0	100	0	0	0	3
282	423	0	2.62185582	0	0	0	0	0	5e-06	0	100	0	0	0	3
283	424	0	2.63115318	0	0	0	0	0	5e-06	0	100	0	0	0	3
284	426	0	2.64045054	0	0	0	0	0	5e-06	0	100	0	0	0	3
285	427	0	2.64974791	0	0	0	0	0	5e-06	0	100	0	0	0	3
286	429	0	2.65904527	0	0	0	0	0	5e-06	0	100	0	0	0	3
287	430	0	2.66834263	0	0	0	0	0	5e-06	0	100	0	0	0	3
288	432	0	2.67763999	0	0	0	0	0	5e-06	0	100	0	0	0	3
289	433	0	2.68693735	0	0	0	0	0	5e-06	0	100	0	0	0	3
290	435	0	2.69623471	0	0	0	0	0	5e-06	0	100	0	0	0	3
291	436	0	2.70553207	0	0	0	0	0	5e-06	0	100	0	0	0	3
292	438	0	2.71482943	0	0	0	0	0	5e-06	0	100	0	0	0	3
293	439	0	2.72412679	0	0	0	0	0	5e-06	0	100	0	0	0	3
294	441	0	2.73342415	0	0	0	0	0	5e-06	0	100	0	0	0	3
295	443	0	2.74272152	0	0	0	0	0	5e-06	0	100	0	0	0	3
296	444	0	2.75201888	0	0	0	0	0	5e-06	0	100	0	0	0	3
297	445	0	2.76131624	0	0	0	0	0	5e-06	0	100	0	0	0	3
298	447	0	2.7706136	0	0	0	0	0	5e-06	0	100	0	0	0	3
299	449	0	2.77991096	0	0	0	0	0	5e-06	0	100	0	0	0	3
300	450	0	2.78920832	0	0	0	0	0	5e-06	0	100	0	0	0	3
301	452	0	2.79850568	0	0	0	0	0	5e-06	0	100	0	0	0	3
302	454	0	2.80780304	0	0	0	0	0	5e-06	0	100	0	0	0	3
303	455	0	2.8171004	0	0	0	0	0	5e-06	0	100	0	0	0	3
304	457	0	2.82639777	0	0	0	0	0	5e-06	0	100	0	0	0	3
305	458	0	2.83569513	0	0	0	0	0	5e-06	0	100	0	0	0	3
306	460	0	2.84499249	0	0	0	0	0	5e-06	0	100	0	0	0	3
307	461	0	2.85428985	0	0	0	0	0	5e-06	0	100	0	0	0	3
308	463	0	2.86358721	0	0	0	0	0	5e-06	0	100	0	0	0	3
309	464	0	2.87288457	0	0	0	0	0	5e-06	0	100	0	0	0	3
310	466	0	2.88218193	0	0	0	0	0	5e-06	0	100	0	0	0	3
311	467	0	2.89147929	0	0	0	0	0	5e-06	0	100	0	0	0	3
312	469	0	2.90077665	0	0	0	0	0	5e-06	0	100	0	0	0	3
313	470	0	2.91007402	0	0	0	0	0	5e-06	0	100	0	0	0	3
314	472	0	2.91937138	0	0	0	0	0	5e-06	0	100	0	0	0	3
315	473	0	2.92866874	0	0	0	0	0	5e-06	0	100	0	0	0	3
316	475	0	2.9379661	0	0	0	0	0	5e-06	0	100	0	0	0	3
317	476	0	2.94726346	0	0	0	0	0	5e-06	0	100	0	0	0	3
318	478	0	2.95656082	0	0	0	0	0	5e-06	0	100	0	0	0	3
319	479	0	2.96585818	0	0	0	0	0	5e-06	0	100	0	0	0	3
320	481	0	2.97515554	0	0	0	0	0	5e-06	0	100	0	0	0	3
321	482	0	2.9844529	0	0	0	0	0	5e-06	0	100	0	0	0	3
322	484	0	2.99375026	0	0	0	0	0	5e-06	0	100	0	0	0	3
323	486	0	3.00304763	0	0	0	0	0	5e-06	0	100	0	0	0	3
324	487	0	3.01234499	0	0	0	0	0	5e-06	0	100	0	0	0	3
325	489	0	3.02164235	0	0	0	0	0	5e-06	0	100	0	0	0	3
326	490	0	3.03093971	0	0	0	0	0	5e-06	0	100	0	0	0	3
327	492	0	3.04023707	0	0	0	0	0	5e-06	0	100	0	0	0	3
328	493	0	3.04953443	0	0	0	0	0	5e-06	0	100	0	0	0	3
329	495	0	3.05883179	0	0	0	0	0	5e-06	0	100	0	0	0	3
330	496	0	3.06812915	0	0	0	0	0	5e-06	0	100	0	0	0	3
331	498	0	3.07742651	0	0	0	0	0	5e-06	0	100	0	0	0	3
332	499	0	3.08672388	0	0	0	0	0	5e-06	0	100	0	0	0	3
333	501	0	3.09602124	0	0	0	0	0	5e-06	0	100	0	0	0	3
334	503	0	3.1053186	0	0	0	0	0	5e-06	0	100	0	0	0	3
335	504	0	3.11461596	0	0	0	0	0	5e-06	0	100	0	0	0	3
336	506	0	3.12391332	0	0	0	0	0	5e-06	0	100	0	0	0	3
337	507	0	3.13321068	0	0	0	0	0	5e-06	0	100	0	0	0	3
338	509	0	3.14250804	0	0	0	0	0	5e-06	0	100	0	0	0	3
339	510	0	3.1518054	0	0	0	0	0	5e-06	0	100	0	0	0	3
340	512	0	3.16110276	0	0	0	0	0	5e-06	0	100	0	0	0	3
341	513	0	3.17040013	0	0	0	0	0	5e-06	0	100	0	0	0	3
342	515	0	3.17969749	0	0	0	0	0	5e-06	0	100	0	0	0	3
343	516	0	3.18899485	0	0	0	0	0	5e-06	0	100	0	0	0	3
344	518	0	3.19829221	0	0	0	0	0	5e-06	0	100	0	0	0	3
345	519	0	3.20758957	0	0	0	0	0	5e-06	0	100	0	0	0	3
346	521	0	3.21688693	0	0	0	0	0	5e-06	0	100	0	0	0	3
347	522	0	3.22618429	0	0	0	0	0	5e-06	0	100	0	0	0	3
348	524	0	3.23548165	0	0	0	0	0	5e-06	0	100	0	0	0	3
349	525	0	3.24477901	0	0	0	0	0	5e-06	0	100	0	0	0	3
350	527	0	3.25407637	0	0	0	0	0	5e-06	0	100	0	0	0	3
351	529	0	3.26337374	0	0	0	0	0	5e-06	0	100	0	0	0	3
352	530	0	3.2726711	0	0	0	0	0	5e-06	0	100	0	0	0	3
353	532	0	3.28196846	0	0	0	0	0	5e-06	0	100	0	0	0	3
354	533	0	3.29126582	0	0	0	0	0	5e-06	0	100	0	0	0	3
355	535	0	3.30056318	0	0	0	0	0	5e-06	0	100	0	0	0	3
356	536	0	3.30986054	0	0	0	0	0	5e-06	0	100	0	0	0	3
357	538	0	3.3191579	0	0	0	0	0	5e-06	0	100	0	0	0	3
358	539	0	3.32845526	0	0	0	0	0	5e-06	0	100	0	0	0	3
359	541	0	3.33775262	0	0	0	0	0	5e-06	0	100	0	0	0	3
360	542	0	3.34704999	0	0	0	0	0	5e-06	0	100	0	0	0	3
361	544	0	3.35634735	0	0	0	0	0	5e-06	0	100	0	0	0	3
362	546	0	3.36564471	0	0	0	0	0	5e-06	0	100	0	0	0	3
363	547	0	3.37494207	0	0	0	0	0	5e-06	0	100	0	0	0	3
364	549	0	3.38423943	0	0	0	0	0	5e-06	0	100	0	0	0	3
365	550	0	3.39353679	0	0	0	0	0	5e-06	0	100	0	0	0	3
366	552	0	3.40283415	0	0	0	0	0	5e-06	0	100	0	0	0	3
367	553	0	3.41213151	0	0	0	0	0	5e-06	0	100	0	0	0	3
368	555	0	3.42142887	0	0	0	0	0	5e-06	0	100	0	0	0	3
369	556	0	3.43072624	0	0	0	0	0	5e-06	0	100	0	0	0	3
370	558	0	3.4400236	0	0	0	0	0	5e-06	0	100	0	0	0	3
371	559	0	3.44932096	0	0	0	0	0	5e-06	0	100	0	0	0	3
372	561	0	3.45861832	0	0	0	0	0	5e-06	0	100	0	0	0	3
373	563	0	3.46791568	0	0	0	0	0	5e-06	0	100	0	0	0	3
374	564	0	3.47721304	0	0	0	0	0	5e-06	0	100	0	0	0	3
375	565	0	3.4865104	0	0	0	0	0	5e-06	0	100	0	0	0	3
376	567	0	3.49580776	0	0	0	0	0	5e-06	0	100	0	0	0	3
377	568	0	3.50510512	0	0	0	0	0	5e-06	0	100	0	0	0	3
378	570	0	3.51440248	0	0	0	0	0	5e-06	0	100	0	0	0	3
379	571	0	3.52369985	0	0	0	0	0	5e-06	0	100	0	0	0	3
380	573	0	3.53299721	0	0	0	0	0	5e-06	0	100	0	0	0	3
381	574	0	3.54229457	0	0	0	0	0	5e-06	0	100	0	0	0	3
382	576	0	3.55159193	0	0	0	0	0	5e-06	0	100	0	0	0	3
383	578	0	3.56088929	0	0	0	0	0	5e-06	0	100	0	0	0	3
384	579	0	3.57018665	0	0	0	0	0	5e-06	0	100	0	0	0	3
385	581	0	3.57948401	0	0	0	0	0	5e-06	0	100	0	0	0	3
386	582	0	3.58878137	0	0	0	0	0	5e-06	0	100	0	0	0	3
387	584	0	3.59807873	0	0	0	0	0	5e-06	0	100	0	0	0	3
388	585	0	3.6073761	0	0	0	0	0	5e-06	0	100	0	0	0	3
389	587	0	3.61667346	0	0	0	0	0	5e-06	0	100	0	0	0	3
390	588	0	3.62597082	0	0	0	0	0	5e-06	0	100	0	0	0	3
391	590	0	3.63526818	0	0	0	0	0	5e-06	0	100	0	0	0	3
392	591	0	3.64456554	0	0	0	0	0	5e-06	0	100	0	0	0	3
393	593	0	3.6538629	0	0	0	0	0	5e-06	0	100	0	0	0	3
394	595	0	3.66316026	0	0	0	0	0	5e-06	0	100	0	0	0	3
395	596	0	3.67245762	0	0	0	0	0	5e-06	0	100	0	0	0	3
396	598	0	3.68175498	0	0	0	0	0	5e-06	0	100	0	0	0	3
397	600	0	3.69105235	0	0	0	0	0	5e-06	0	100	0	0	0	3
398	601	0	3.70034971	0	0	0	0	0	5e-06	0	100	0	0	0	3
399	603	0	3.70964707	0	0	0	0	0	5e-06	0	100	0	0	0	3
400	604	0	3.71894443	0	0	0	0	0	5e-06	0	100	0	0	0	3
401	607	0	3.72824179	0	0	0	0	0	5e-06	0	100	0	0	0	3
402	608	0	3.73753915	0	0	0	0	0	5e-06	0	100	0	0	0	3
403	610	0	3.74683651	0	0	0	0	0	5e-06	0	100	0	0	0	3
404	611	0	3.75613387	0	0	0	0	0	5e-06	0	100	0	0	0	3
405	613	0	3.76543123	0	0	0	0	0	5e-06	0	100	0	0	0	3
406	615	0	3.77472859	0	0	0	0	0	5e-06	0	100	0	0	0	3
407	616	0	3.78402596	0	0	0	0	0	5e-06	0	100	0	0	0	3
408	618	0	3.79332332	0	0	0	0	0	5e-06	0	100	0	0	0	3
409	619	0	3.80262068	0	0	0	0	0	5e-06	0	100	0	0	0	3
410	620	0	3.81191804	0	0	0	0	0	5e-06	0	100	0	0	0	3
411	622	0	3.8212154	0	0	0	0	0	5e-06	0	100	0	0	0	3
412	624	0	3.83051276	0	0	0	0	0	5e-06	0	100	0	0	0	3
413	625	0	3.83981012	0	0	0	0	0	5e-06	0	100	0	0	0	3
414	627	0	3.84910748	0	0	0	0	0	5e-06	0	100	0	0	0	3
415	629	0	3.85840484	0	0	0	0	0	5e-06	0	100	0	0	0	3
416	630	0	3.86770221	0	0	0	0	0	5e-06	0	100	0	0	0	3
417	632	0	3.87699957	0	0	0	0	0	5e-06	0	100	0	0	0	3
418	634	0	3.88629693	0	0	0	0	0	5e-06	0	100	0	0	0	3
419	635	0	3.89559429	0	0	0	0	0	5e-06	0	100	0	0	0	3
420	637	0	3.90489165	0	0	0	0	0	5e-06	0	100	0	0	0	3
421	638	0	3.91418901	0	0	0	0	0	5e-06	0	100	0	0	0	3
422	640	0	3.92348637	0	0	0	0	0	5e-06	0	100	0	0	0	3
423	641	0	3.93278373	0	0	0	0	0	5e-06	0	100	0	0	0	3
424	643	0	3.94208109	0	0	0	0	0	5e-06	0	100	0	0	0	3
425	644	0	3.95137846	0	0	0	0	0	5e-06	0	100	0	0	0	3
426	646	0	3.96067582	0	0	0	0	0	5e-06	0	100	0	0	0	3
427	648	0	3.96997318	0	0	0	0	0	5e-06	0	100	0	0	0	3
428	649	0	3.97927054	0	0	0	0	0	5e-06	0	100	0	0	0	3
429	651	0	3.9885679	0	0	0	0	0	5e-06	0	100	0	0	0	3
430	652	0	3.99786526	0	0	0	0	0	5e-06	0	100	0	0	0	3
431	654	0	4.00716262	0	0	0	0	0	5e-06	0	100	0	0	0	3
