Iteration	CPUTime	PhysTime	Travels	Value	AvValue	MinValue	MaxValue	Delta	Criteria	Progress	dGMaxMin	CriteriaType	CriteriaVarType	CriteriaPercentage
1	4	0	0.00929736107	101324.795	101324.795	101324.795	101324.795	0	0	0	0	11155.3	0	0	3
2	5	0	0.0185947221	101324.749	101324.772	101324.749	101324.795	0.0229553724	0	0	0	8256.84	0	0	3
3	7	0	0.0278920832	101324.83	101324.791	101324.749	101324.83	0.0229553724	0	0	0	6493.93	0	0	3
4	8	0	0.0371894443	101324.847	101324.805	101324.749	101324.847	0.0331211762	0	0	0	5464.64	0	0	3
5	10	0	0.0464868054	101324.801	101324.804	101324.749	101324.847	0.0331211762	0	0	0	4176.38	0	0	3
6	11	0	0.0557841664	101324.859	101324.813	101324.749	101324.859	0.0414416805	0	0	0	3788.1	0	0	3
7	12	0	0.0650815275	101324.861	101324.82	101324.749	101324.861	0.0482541225	0	0	0	3305.93	0	0	3
8	14	0	0.0743788886	101324.901	101324.83	101324.749	101324.901	0.0583338223	0	0	0	2985.45	0	0	3
9	15	0	0.0836762496	101324.895	101324.837	101324.749	101324.901	0.065491317	0	0	0	2612.8	0	0	3
10	16	0	0.0929736107	101324.893	101324.843	101324.749	101324.901	0.0710172569	0	0	0	2555.79	0	0	3
11	18	0	0.102270972	101324.891	101324.847	101324.749	101324.901	0.075377633	0	0	0	2467.72	0	0	3
12	19	0	0.111568333	101324.894	101324.851	101324.749	101324.901	0.0792237256	0	0	0	2371.75	0	0	3
13	20	0	0.120865694	101324.874	101324.853	101324.749	101324.901	0.0809999942	0	0	0	2316.53	0	0	3
14	22	0	0.130163055	101324.877	101324.855	101324.749	101324.901	0.082680753	0	0	0	2216.71	0	0	3
15	23	0	0.139460416	101324.873	101324.856	101324.749	101324.901	0.0838685336	0	0	0	2168.38	0	0	3
16	25	0	0.148757777	101324.876	101324.857	101324.749	101324.901	0.0851041183	0	0	0	2124.43	0	0	3
17	26	0	0.158055138	101324.869	101324.858	101324.749	101324.901	0.0857969445	0	0	0	2090.14	0	0	3
18	27	0	0.167352499	101324.868	101324.858	101324.749	101324.901	0.0863380401	0	0	0	2031.86	0	0	3
19	29	0	0.17664986	101324.86	101324.858	101324.749	101324.901	0.0864049386	0	0	0	1988.25	0	0	3
20	30	0	0.185947221	101324.867	101324.859	101324.749	101324.901	0.0868556042	0	0	0	1904.07	0	0	3
21	31	0	0.195244582	101324.86	101324.859	101324.749	101324.901	0.0868992591	0	0	0	1863.1	0	0	3
22	33	0	0.204541944	101324.861	101324.859	101324.749	101324.901	0.0869897584	0	0	0	1784.1	0	0	3
23	34	0	0.213839305	101324.859	101324.859	101324.749	101324.901	0.0869897584	0	0	0	1723.51	0	0	3
24	35	0	0.223136666	101324.859	101324.859	101324.749	101324.901	0.0869897584	0	0	0	1630.02	0	0	3
25	37	0	0.232434027	101324.859	101324.859	101324.749	101324.901	0.0869897584	0	0	0	1551.84	0	0	3
26	38	0	0.241731388	101324.862	101324.859	101324.749	101324.901	0.0871196712	0	0	0	1464.18	0	0	3
27	40	0	0.251028749	101324.861	101324.859	101324.749	101324.901	0.0871862551	0	0	0	1248.56	0	0	3
28	41	0	0.26032611	101324.865	101324.859	101324.749	101324.901	0.0873812403	0	0	0	1177.34	0	0	3
29	43	0	0.269623471	101324.864	101324.86	101324.749	101324.901	0.0875508616	0	0	0	1116.19	0	0	3
30	44	0	0.278920832	101324.868	101324.86	101324.749	101324.901	0.0878198396	0	0	0	1089.69	0	0	3
31	46	0	0.288218193	101324.867	101324.86	101324.749	101324.901	0.0880369938	0	0	0	1076.33	0	0	3
32	47	0	0.297515554	101324.865	101324.86	101324.749	101324.901	0.0881852304	0	0	0	1066.71	0	0	3
33	49	0	0.306812915	101324.862	101324.86	101324.749	101324.901	0.0882466041	0	0	0	1055.56	0	0	3
34	50	0	0.316110276	101324.856	101324.86	101324.749	101324.901	0.0882466041	0	0	0	1033.1	0	0	3
35	51	0	0.325407637	101324.855	101324.86	101324.749	101324.901	0.0882466041	0	0	0	1034.54	0	0	3
36	53	0	0.334704999	101324.848	101324.86	101324.749	101324.901	0.0882466041	0	0	0	1016.81	0	0	3
37	54	0	0.34400236	101324.843	101324.859	101324.749	101324.901	0.0882466041	0	0	0	1029.69	0	0	3
38	56	0	0.353299721	101324.839	101324.859	101324.749	101324.901	0.0882466041	0	0	0	1011.67	0	0	3
39	57	0	0.362597082	101324.836	101324.858	101324.749	101324.901	0.0882466041	0	0	0	1026.15	0	0	3
40	59	0	0.371894443	101324.832	101324.857	101324.749	101324.901	0.0882466041	0	0	0	1022.21	0	0	3
41	60	0	0.381191804	101324.828	101324.857	101324.749	101324.901	0.0882466041	0	0	0	1021.16	0	0	3
42	62	0	0.390489165	101324.822	101324.856	101324.749	101324.901	0.0882466041	0	0	0	1006.99	0	0	3
43	63	0	0.399786526	101324.813	101324.855	101324.749	101324.901	0.0882466041	0	0	0	1023.63	0	0	3
44	64	0	0.409083887	101324.814	101324.854	101324.749	101324.901	0.0882466041	0	0	0	1011.33	0	0	3
45	66	0	0.418381248	101324.81	101324.853	101324.749	101324.901	0.0882466041	0	0	0	1030.83	0	0	3
46	68	0	0.427678609	101324.809	101324.852	101324.749	101324.901	0.0882466041	0	0	0	1012.4	0	0	3
47	69	0	0.43697597	101324.806	101324.851	101324.749	101324.901	0.0882466041	0	0	0	1032.58	0	0	3
48	70	0	0.446273331	101324.802	101324.85	101324.749	101324.901	0.0882466041	0	0	0	1017.07	0	0	3
49	72	0	0.455570692	101324.796	101324.849	101324.749	101324.901	0.0882466041	0	0	0	1038.47	0	0	3
50	73	0	0.464868054	101324.795	101324.848	101324.749	101324.901	0.0882466041	0	0	0	1020.9	0	0	3
51	75	0	0.474165415	101324.789	101324.847	101324.749	101324.901	0.0882466041	0	0	0	1032.88	0	0	3
52	77	0	0.483462776	101324.788	101324.846	101324.749	101324.901	0.0882466041	0	0	0	1015.61	0	0	3
53	78	0	0.492760137	101324.788	101324.844	101324.749	101324.901	0.0882466041	0	0	0	1033.31	0	0	3
54	79	0	0.502057498	101324.79	101324.843	101324.749	101324.901	0.0882466041	0	0	0	1013.72	0	0	3
55	81	0	0.511354859	101324.79	101324.843	101324.749	101324.901	0.0882466041	0	0	0	1038.19	0	0	3
56	82	0	0.52065222	101324.792	101324.844	101324.788	101324.901	0.069023377	0	0	0	1024.8	0	0	3
57	84	0	0.529949581	101324.792	101324.843	101324.788	101324.901	0.0558890253	0	0	0	1035.75	0	0	3
58	85	0	0.539246942	101324.793	101324.843	101324.788	101324.901	0.0558890253	0	0	0	1016.73	0	0	3
59	87	0	0.548544303	101324.796	101324.842	101324.788	101324.901	0.0468049236	0	0	0	1035.57	0	0	3
60	88	0	0.557841664	101324.797	101324.841	101324.788	101324.901	0.0399924816	0	0	0	1024.19	0	0	3
61	90	0	0.567139025	101324.797	101324.84	101324.788	101324.901	0.0299127818	0	0	0	1051.1	0	0	3
62	91	0	0.576436386	101324.796	101324.838	101324.788	101324.895	0.0227552871	0	0	0	1019.15	0	0	3
63	93	0	0.585733747	101324.793	101324.836	101324.788	101324.894	0.0239914952	0	0	0	1040.03	0	0	3
64	94	0	0.595031109	101324.792	101324.834	101324.788	101324.894	0.0258580526	0	0	0	1016.24	0	0	3
65	96	0	0.60432847	101324.79	101324.833	101324.788	101324.894	0.0277222833	0	0	0	1039.28	0	0	3
66	97	0	0.613625831	101324.786	101324.831	101324.786	101324.877	0.0297063535	0	0	0	1017	0	0	3
67	99	0	0.622923192	101324.782	101324.829	101324.782	101324.877	0.031418349	0	0	0	1041.08	0	0	3
68	100	0	0.632220553	101324.779	101324.827	101324.779	101324.876	0.0332271394	0	0	0	1028.64	0	0	3
69	102	0	0.641517914	101324.774	101324.825	101324.774	101324.876	0.0350477181	0	0	0	1041.27	0	0	3
70	103	0	0.650815275	101324.772	101324.823	101324.772	101324.869	0.0369594439	0	0	0	1030.68	0	0	3
71	105	0	0.660112636	101324.771	101324.821	101324.771	101324.868	0.038776699	0	0	0	1044.31	0	0	3
72	107	0	0.669409997	101324.769	101324.82	101324.769	101324.868	0.0405983631	0	0	0	1039.19	0	0	3
73	108	0	0.678707358	101324.768	101324.818	101324.768	101324.868	0.0422915269	0	0	0	1045.59	0	0	3
74	110	0	0.688004719	101324.77	101324.816	101324.768	101324.868	0.044104365	0	0	0	1049.13	0	0	3
75	111	0	0.69730208	101324.772	101324.815	101324.768	101324.868	0.0457216716	0	0	0	1044.95	0	0	3
76	113	0	0.706599441	101324.775	101324.813	101324.768	101324.868	0.0473093703	0	0	0	1031.55	0	0	3
77	114	0	0.715896802	101324.779	101324.811	101324.768	101324.868	0.0487748015	0	0	0	1037.14	0	0	3
78	116	0	0.725194164	101324.784	101324.81	101324.768	101324.868	0.0501699862	0	0	0	1050.67	0	0	3
79	118	0	0.734491525	101324.789	101324.809	101324.768	101324.868	0.0514753986	0	0	0	1052.97	0	0	3
80	119	0	0.743788886	101324.793	101324.807	101324.768	101324.868	0.0527634127	0	0	0	1041.03	0	0	3
81	120	0	0.753086247	101324.797	101324.806	101324.768	101324.868	0.0539459664	0	0	0	1037.42	0	0	3
82	122	0	0.762383608	101324.803	101324.805	101324.768	101324.868	0.0550905461	0	0	0	1040.17	0	0	3
83	124	0	0.771680969	101324.809	101324.804	101324.768	101324.868	0.0561161168	0	0	0	1041.6	0	0	3
84	126	0	0.78097833	101324.814	101324.803	101324.768	101324.867	0.0571006371	0	0	0	1036.41	0	0	3
85	127	0	0.790275691	101324.816	101324.802	101324.768	101324.865	0.058033606	0	0	0	1031.7	0	0	3
86	128	0	0.799573052	101324.818	101324.801	101324.768	101324.862	0.0589077608	0	0	0	1032.34	0	0	3
87	130	0	0.808870413	101324.82	101324.801	101324.768	101324.856	0.0595736652	0	0	0	1036.63	0	0	3
88	131	0	0.818167774	101324.82	101324.8	101324.768	101324.855	0.0600835639	0	0	0	1018.88	0	0	3
89	133	0	0.827465135	101324.82	101324.799	101324.768	101324.848	0.0603920817	0	0	0	1042.7	0	0	3
90	134	0	0.836762496	101324.821	101324.799	101324.768	101324.843	0.0604436883	0	0	0	1033.51	0	0	3
91	136	0	0.846059857	101324.821	101324.798	101324.768	101324.839	0.06030622	0	0	0	1044.32	0	0	3
92	137	0	0.855357219	101324.823	101324.798	101324.768	101324.836	0.0600186124	0	0	0	1040.41	0	0	3
93	138	0	0.86465458	101324.824	101324.798	101324.768	101324.832	0.0595960353	0	0	0	1040.78	0	0	3
94	140	0	0.873951941	101324.824	101324.798	101324.768	101324.828	0.0590501343	0	0	0	1036.1	0	0	3
95	141	0	0.883249302	101324.824	101324.798	101324.768	101324.824	0.0558343322	0	0	0	1043.37	0	0	3
96	142	0	0.892546663	101324.823	101324.798	101324.768	101324.824	0.0558343322	0	0	0	1038.38	0	0	3
97	144	0	0.901844024	101324.824	101324.798	101324.768	101324.824	0.0561703151	0	0	0	1042.78	0	0	3
98	145	0	0.911141385	101324.826	101324.798	101324.768	101324.826	0.0554071152	0	0	0	1039.14	0	0	3
99	147	0	0.920438746	101324.828	101324.798	101324.768	101324.828	0.0544569147	0	0	0	1043.3	0	0	3
100	148	0	0.929736107	101324.832	101324.799	101324.768	101324.832	0.0534730955	0	0	0	1040.98	0	0	3
101	151	0	0.939033468	101324.837	101324.799	101324.768	101324.837	0.0524494044	0	0	0	1045.94	0	0	3
102	152	0	0.948330829	101324.844	101324.8	101324.768	101324.844	0.0513486213	0	0	0	1042.22	0	0	3
103	154	0	0.95762819	101324.85	101324.801	101324.768	101324.85	0.0502716356	0	0	0	1049.88	0	0	3
104	155	0	0.966925551	101324.855	101324.802	101324.768	101324.855	0.0491089671	0	0	0	1045.46	0	0	3
105	157	0	0.976222912	101324.86	101324.804	101324.768	101324.86	0.0479894296	0	0	0	1053.8	0	0	3
106	158	0	0.985520273	101324.864	101324.805	101324.768	101324.864	0.0469070054	0	0	0	1051.7	0	0	3
107	160	0	0.994817635	101324.865	101324.806	101324.768	101324.865	0.0466026821	0	0	0	1060.98	0	0	3
108	162	0	1.004115	101324.867	101324.808	101324.768	101324.867	0.0466026821	0.00398140359	0	8.5	1056.25	0	0	3
109	163	0	1.01341236	101324.864	101324.809	101324.768	101324.867	0.0466026821	0.00398140359	0	8.5	1063.95	0	0	3
110	165	0	1.02270972	101324.864	101324.811	101324.768	101324.867	0.0459105609	0.00398140359	0	8.6	1062.44	0	0	3
111	166	0	1.03200708	101324.862	101324.812	101324.768	101324.867	0.0449158008	0.00398140359	0	8.8	1061.31	0	0	3
112	168	0	1.04130444	101324.861	101324.813	101324.768	101324.867	0.0448201167	0.00398140359	0	8.8	1050.78	0	0	3
113	169	0	1.0506018	101324.859	101324.814	101324.768	101324.867	0.0436815225	0.00398140359	0	9.1	1066	0	0	3
114	171	0	1.05989916	101324.859	101324.815	101324.768	101324.867	0.0425001495	0.00398140359	0	9.3	1053.66	0	0	3
115	172	0	1.06919652	101324.858	101324.817	101324.768	101324.867	0.0405548117	0.00398140359	0	9.8	1089.78	0	0	3
116	174	0	1.07849388	101324.858	101324.818	101324.768	101324.867	0.0386765626	0.00398140359	0	10.2	1070.01	0	0	3
117	175	0	1.08779125	101324.859	101324.819	101324.768	101324.867	0.0368100051	0.00398140359	0	10.8	1079.69	0	0	3
118	177	0	1.09708861	101324.863	101324.82	101324.768	101324.867	0.0349457745	0.00398140359	0	11.3	1063.75	0	0	3
119	178	0	1.10638597	101324.864	101324.822	101324.768	101324.867	0.0329617043	0.00398140359	0	12	1081.42	0	0	3
120	180	0	1.11568333	101324.866	101324.823	101324.768	101324.867	0.0312497087	0.00398140359	0	12.7	1069.65	0	0	3
121	181	0	1.12498069	101324.866	101324.825	101324.768	101324.867	0.0294409184	0.00398140359	0	13.5	1089.44	0	0	3
122	182	0	1.13427805	101324.866	101324.826	101324.768	101324.867	0.0286170398	0.00398140359	0	13.9	1072.73	0	0	3
123	184	0	1.14357541	101324.866	101324.828	101324.768	101324.867	0.0303082714	0.00398140359	0	13.1	1093.22	0	0	3
124	185	0	1.15287277	101324.865	101324.83	101324.768	101324.867	0.0320140185	0.00398140359	0	12.4	1088.67	0	0	3
125	187	0	1.16217013	101324.864	101324.831	101324.768	101324.867	0.0337390714	0.00398140359	0	11.8	1094.35	0	0	3
126	188	0	1.17146749	101324.864	101324.833	101324.768	101324.867	0.0355016944	0.00398140359	0	11.2	1085.53	0	0	3
127	190	0	1.18076486	101324.865	101324.835	101324.77	101324.867	0.0372930822	0.00398140359	0	10.6	1099.43	0	0	3
128	191	0	1.19006222	101324.865	101324.837	101324.772	101324.867	0.0390623354	0.00398140359	0	10.1	1093.3	0	0	3
129	192	0	1.19935958	101324.864	101324.838	101324.775	101324.867	0.0407581395	0.00398140359	0	9.7	1120.26	0	0	3
130	194	0	1.20865694	101324.863	101324.84	101324.779	101324.867	0.0423799775	0.00398140359	0	9.3	1097.24	0	0	3
131	195	0	1.2179543	101324.863	101324.842	101324.784	101324.867	0.0439228749	0.00398140359	0	9	1108.37	0	0	3
132	197	0	1.22725166	101324.863	101324.843	101324.789	101324.867	0.0453951549	0.00398140359	0	8.7	1093.9	0	0	3
133	198	0	1.23654902	101324.864	101324.844	101324.793	101324.867	0.0467870105	0.00398140359	0	8.5	1107.32	0	0	3
134	199	0	1.24584638	101324.865	101324.846	101324.797	101324.867	0.0481315862	0.00398140359	0	8.2	1121.23	0	0	3
135	201	0	1.25514374	101324.865	101324.847	101324.803	101324.867	0.0493820758	0.00398140359	0	8	1128.83	0	0	3
136	202	0	1.26444111	101324.865	101324.848	101324.809	101324.867	0.0505417244	0.00398140359	0	7.8	1102.56	0	0	3
137	203	0	1.27373847	101324.865	101324.849	101324.814	101324.867	0.0515742389	0.00398140359	0	7.7	1122.12	0	0	3
138	205	0	1.28303583	101324.865	101324.85	101324.816	101324.867	0.0504035576	0.00398140359	0	7.8	1120.44	0	0	3
139	206	0	1.29233319	101324.864	101324.851	101324.818	101324.867	0.0489986527	0.00398140359	0	8.1	1116.37	0	0	3
140	207	0	1.30163055	101324.863	101324.852	101324.82	101324.867	0.0465917682	0.00398140359	0	8.5	1118.62	0	0	3
141	209	0	1.31092791	101324.864	101324.853	101324.82	101324.867	0.0464216049	0.00398140359	0	8.5	1116.09	0	0	3
142	210	0	1.32022527	101324.865	101324.853	101324.82	101324.867	0.0464216049	0.00398140359	0	8.5	1129.53	0	0	3
143	212	0	1.32952263	101324.866	101324.854	101324.821	101324.867	0.0458129207	0.00398140359	0	8.6	1139.9	0	0	3
144	213	0	1.33881999	101324.867	101324.855	101324.821	101324.867	0.0452904301	0.00398140359	0	8.7	1121.01	0	0	3
145	215	0	1.34811736	101324.868	101324.856	101324.823	101324.868	0.0449741632	0.00398140359	0	8.8	1127.69	0	0	3
146	216	0	1.35741472	101324.869	101324.857	101324.823	101324.869	0.0460575252	0.00398140359	0	8.6	1122.69	0	0	3
147	217	0	1.36671208	101324.87	101324.858	101324.823	101324.87	0.0467536734	0.00398140359	0	8.5	1126.17	0	0	3
148	219	0	1.37600944	101324.87	101324.859	101324.823	101324.87	0.0474479134	0.00398140359	0	8.3	1123.48	0	0	3
149	220	0	1.3853068	101324.869	101324.859	101324.823	101324.87	0.0474479134	0.00398140359	0	8.3	1131.08	0	0	3
150	222	0	1.39460416	101324.867	101324.86	101324.824	101324.87	0.0460436446	0.00398140359	0	8.6	1124.7	0	0	3
151	223	0	1.40390152	101324.867	101324.861	101324.826	101324.87	0.0448303569	0.00398140359	0	8.8	1133.95	0	0	3
152	224	0	1.41319888	101324.866	101324.862	101324.828	101324.87	0.042425916	0.00398140359	0	9.3	1127.49	0	0	3
153	226	0	1.42249624	101324.866	101324.863	101324.832	101324.87	0.0379934772	0.00398140359	0	10.4	1134.32	0	0	3
154	227	0	1.4317936	101324.866	101324.863	101324.837	101324.87	0.0330985372	0.00398140359	0	12	1128.64	0	0	3
155	228	0	1.44109097	101324.865	101324.864	101324.844	101324.87	0.0265892598	0.00398140359	0	14.9	1137.99	0	0	3
156	230	0	1.45038833	101324.866	101324.864	101324.85	101324.87	0.0206544758	0.00398140359	0	19.2	1132.91	0	0	3
157	231	0	1.45968569	101324.866	101324.864	101324.855	101324.87	0.0151964057	0.00398140359	0	26.1	1136.47	0	0	3
158	233	0	1.46898305	101324.866	101324.865	101324.858	101324.87	0.0121890538	0.00398140359	0	32.6	1131.68	0	0	3
159	234	0	1.47828041	101324.868	101324.865	101324.858	101324.87	0.0121890538	0.00398140359	0	32.6	1138.24	0	0	3
160	236	0	1.48757777	101324.869	101324.865	101324.858	101324.87	0.0121890538	0.00398140359	0	32.6	1135.06	0	0	3
161	237	0	1.49687513	101324.871	101324.865	101324.858	101324.871	0.0126430272	0.00398140359	0	31.4	1138.08	0	0	3
162	238	0	1.50617249	101324.872	101324.865	101324.858	101324.872	0.013407923	0.00398140359	0	29.6	1134.76	0	0	3
163	240	0	1.51546985	101324.871	101324.865	101324.858	101324.872	0.013407923	0.00398140359	0	29.6	1139.31	0	0	3
164	241	0	1.52476722	101324.87	101324.865	101324.858	101324.872	0.013407923	0.00398140359	0	29.6	1136.96	0	0	3
165	243	0	1.53406458	101324.868	101324.865	101324.858	101324.872	0.013407923	0.00398140359	0	29.6	1141.58	0	0	3
166	244	0	1.54336194	101324.868	101324.865	101324.858	101324.872	0.013407923	0.00398140359	0	29.6	1141.37	0	0	3
167	245	0	1.5526593	101324.866	101324.866	101324.858	101324.872	0.013407923	0.00398140359	0	29.6	1144.8	0	0	3
168	247	0	1.56195666	101324.867	101324.866	101324.858	101324.872	0.013407923	0.00398140359	0	29.6	1144.7	0	0	3
169	248	0	1.57125402	101324.866	101324.866	101324.858	101324.872	0.0133006216	0.00398140359	0	29.9	1147.53	0	0	3
170	250	0	1.58055138	101324.866	101324.866	101324.859	101324.872	0.0124885205	0.00398140359	0	31.8	1147.73	0	0	3
171	251	0	1.58984874	101324.866	101324.866	101324.863	101324.872	0.00888361062	0.00398140359	0	44.8	1148.16	0	0	3
172	252	0	1.5991461	101324.867	101324.866	101324.863	101324.872	0.00888361062	0.00398140359	0	44.8	1149.74	0	0	3
173	254	0	1.60844347	101324.869	101324.866	101324.863	101324.872	0.00888361062	0.00398140359	0	44.8	1150.18	0	0	3
174	255	0	1.61774083	101324.87	101324.866	101324.863	101324.872	0.00888361062	0.00398140359	0	44.8	1151.74	0	0	3
175	257	0	1.62703819	101324.872	101324.867	101324.863	101324.872	0.00888361062	0.00398140359	0	44.8	1152.05	0	0	3
176	258	0	1.63633555	101324.872	101324.867	101324.863	101324.872	0.00910170519	0.00398140359	0	43.7	1154.08	0	0	3
177	259	0	1.64563291	101324.871	101324.867	101324.863	101324.872	0.00910170519	0.00398140359	0	43.7	1152.69	0	0	3
178	261	0	1.65493027	101324.871	101324.867	101324.863	101324.872	0.00910170519	0.00398140359	0	43.7	1153.87	0	0	3
179	262	0	1.66422763	101324.87	101324.867	101324.863	101324.872	0.00910170519	0.00398140359	0	43.7	1153.66	0	0	3
180	264	0	1.67352499	101324.87	101324.867	101324.863	101324.872	0.00910170519	0.00398140359	0	43.7	1154.69	0	0	3
181	265	0	1.68282235	101324.868	101324.867	101324.863	101324.872	0.00910170519	0.00398140359	0	43.7	1154.38	0	0	3
182	267	0	1.69211971	101324.869	101324.867	101324.863	101324.872	0.00910170519	0.00398140359	0	43.7	1155.34	0	0	3
183	268	0	1.70141708	101324.867	101324.867	101324.863	101324.872	0.00910170519	0.00398140359	0	43.7	1155.21	0	0	3
184	269	0	1.71071444	101324.868	101324.867	101324.863	101324.872	0.00910170519	0.00398140359	0	43.7	1155.64	0	0	3
185	271	0	1.7200118	101324.867	101324.867	101324.863	101324.872	0.00856774821	0.00398140359	0	46.4	1154.29	0	0	3
186	272	0	1.72930916	101324.868	101324.868	101324.863	101324.872	0.00848818975	0.00398140359	0	46.9	1154.54	0	0	3
187	274	0	1.73860652	101324.867	101324.868	101324.863	101324.872	0.00848818975	0.00398140359	0	46.9	1153.58	0	0	3
188	276	0	1.74790388	101324.867	101324.868	101324.863	101324.872	0.00848818975	0.00398140359	0	46.9	1152.77	0	0	3
189	277	0	1.75720124	101324.867	101324.868	101324.863	101324.872	0.00848818975	0.00398140359	0	46.9	1151.3	0	0	3
190	279	0	1.7664986	101324.867	101324.868	101324.863	101324.872	0.00848818975	0.00398140359	0	46.9	1153	0	0	3
191	280	0	1.77579596	101324.867	101324.868	101324.863	101324.872	0.00848818975	0.00398140359	0	46.9	1153.57	0	0	3
192	282	0	1.78509333	101324.867	101324.868	101324.863	101324.872	0.00848818975	0.00398140359	0	46.9	1156.87	0	0	3
193	283	0	1.79439069	101324.868	101324.868	101324.863	101324.872	0.00848818975	0.00398140359	0	46.9	1156.94	0	0	3
194	285	0	1.80368805	101324.868	101324.868	101324.864	101324.872	0.00825173441	0.00398140359	0	48.2	1160.52	0	0	3
195	286	0	1.81298541	101324.869	101324.868	101324.865	101324.872	0.00686461217	0.00398140359	0	57.9	1160.88	0	0	3
196	288	0	1.82228277	101324.87	101324.868	101324.865	101324.872	0.00686461217	0.00398140359	0	57.9	1164.78	0	0	3
197	289	0	1.83158013	101324.87	101324.868	101324.865	101324.872	0.00686461217	0.00398140359	0	57.9	1166	0	0	3
198	291	0	1.84087749	101324.87	101324.868	101324.865	101324.872	0.00686461217	0.00398140359	0	57.9	1169.32	0	0	3
199	292	0	1.85017485	101324.869	101324.868	101324.865	101324.872	0.00686461217	0.00398140359	0	57.9	1171.17	0	0	3
200	293	0	1.85947221	101324.87	101324.868	101324.865	101324.872	0.00686461217	0.00398140359	0	57.9	1174.86	0	0	3
201	296	0	1.86876958	101324.869	101324.868	101324.865	101324.872	0.00686461217	0.00398140359	0	57.9	1176.54	0	0	3
202	297	0	1.87806694	101324.868	101324.868	101324.865	101324.872	0.00686461217	0.00398140359	0	57.9	1180.09	0	0	3
203	299	0	1.8873643	101324.867	101324.868	101324.865	101324.872	0.00686461217	0.00398140359	0	57.9	1179.99	0	0	3
204	300	0	1.89666166	101324.866	101324.868	101324.865	101324.872	0.00686461217	0.00398140359	0	57.9	1181.65	0	0	3
205	302	0	1.90595902	101324.865	101324.868	101324.865	101324.872	0.00649016204	0.00398140359	0	61.3	1182.55	0	0	3
206	303	0	1.91525638	101324.866	101324.868	101324.865	101324.872	0.00577841127	0.00398140359	0	68.9	1184.99	0	0	3
207	305	0	1.92455374	101324.866	101324.868	101324.865	101324.872	0.0051646473	0.00398140359	0	77	1185.03	0	0	3
208	306	0	1.9338511	101324.866	101324.868	101324.865	101324.872	0.00465222345	0.00398140359	0	85.5	1187.42	0	0	3
209	307	0	1.94314846	101324.868	101324.868	101324.865	101324.872	0.00424901945	0.00398140359	0	93.7	1187.95	0	0	3
210	309	0	1.95244582	101324.868	101324.868	101324.865	101324.872	0.0039565177	0.00398140359	0	100	1189.3	0	0	3
201	297	0	1.86876958	101324.869	101324.868	101324.865	101324.872	0.00686461217	0.00398140359	0	57.9	1176.54	0	0	3
202	298	0	1.87806694	101324.868	101324.868	101324.865	101324.872	0.00686461217	0.00398140359	0	57.9	1180.09	0	0	3
203	300	0	1.8873643	101324.867	101324.868	101324.865	101324.872	0.00686461217	0.00398140359	0	57.9	1179.99	0	0	3
204	301	0	1.89666166	101324.866	101324.868	101324.865	101324.872	0.00686461217	0.00398140359	0	57.9	1181.65	0	0	3
205	303	0	1.90595902	101324.865	101324.868	101324.865	101324.872	0.00649016204	0.00398140359	0	57.9	1182.55	0	0	3
206	304	0	1.91525638	101324.866	101324.868	101324.865	101324.872	0.00577841127	0.00398140359	0	57.9	1184.99	0	0	3
207	306	0	1.92455374	101324.866	101324.868	101324.865	101324.872	0.0051646473	0.00398140359	0	57.9	1185.03	0	0	3
208	307	0	1.9338511	101324.866	101324.868	101324.865	101324.872	0.00465222345	0.00398140359	0	57.9	1187.42	0	0	3
209	309	0	1.94314846	101324.868	101324.868	101324.865	101324.872	0.00424901945	0.00398140359	0	57.9	1187.95	0	0	3
210	310	0	1.95244582	101324.868	101324.868	101324.865	101324.872	0.0039565177	0.00398140359	0	57.9	1189.3	0	0	3
211	312	0	1.96174319	101324.868	101324.868	101324.865	101324.872	0.0037509149	0.00398140359	0	57.9	1190.91	0	0	3
212	313	0	1.97104055	101324.868	101324.868	101324.865	101324.872	0.0036253806	0.00398140359	0	57.9	1190.72	0	0	3
213	315	0	1.98033791	101324.867	101324.868	101324.865	101324.872	0.0035221334	0.00398140359	0	57.9	1190.43	0	0	3
214	316	0	1.98963527	101324.868	101324.868	101324.865	101324.872	0.00342277347	0.00398140359	0	57.9	1191.69	0	0	3
215	318	0	1.99893263	101324.867	101324.868	101324.865	101324.872	0.00332950974	0.00398140359	0	57.9	1192.13	0	0	3
216	319	0	2.00822999	101324.865	101324.868	101324.865	101324.872	0.00320278121	0.00398140359	0	57.9	1194.88	0	0	3
217	321	0	2.01752735	101324.863	101324.868	101324.863	101324.872	0.00310135285	0.00398140359	0	57.9	1193.7	0	0	3
218	323	0	2.02682471	101324.863	101324.868	101324.863	101324.872	0.0029794571	0.00398140359	0	57.9	1196.95	0	0	3
219	324	0	2.03612207	101324.864	101324.868	101324.863	101324.872	0.00285908789	0.00398140359	0	57.9	1194.86	0	0	3
220	326	0	2.04541944	101324.863	101324.868	101324.863	101324.872	0.0027253726	0.00398140359	0	57.9	1197.57	0	0	3
221	327	0	2.0547168	101324.864	101324.868	101324.863	101324.872	0.00258472539	0.00398140359	0	57.9	1196.31	0	0	3
222	329	0	2.06401416	101324.866	101324.868	101324.863	101324.872	0.00243175824	0.00398140359	0	57.9	1199.13	0	0	3
223	331	0	2.07331152	101324.867	101324.868	101324.863	101324.872	0.0022831309	0.00398140359	0	57.9	1197.98	0	0	3
224	332	0	2.08260888	101324.866	101324.868	101324.863	101324.872	0.00215005949	0.00398140359	0	57.9	1200.55	0	0	3
225	334	0	2.09190624	101324.868	101324.868	101324.863	101324.872	0.00207191989	0.00398140359	0	57.9	1201.81	0	0	3
226	336	0	2.1012036	101324.867	101324.868	101324.863	101324.872	0.00198643828	0.00398140359	0	57.9	1205.78	0	0	3
227	337	0	2.11050096	101324.867	101324.868	101324.863	101324.872	0.00190491635	0.00398140359	0	57.9	1206.46	0	0	3
228	339	0	2.11979832	101324.867	101324.868	101324.863	101324.872	0.00179972748	0.00398140359	0	57.9	1210.83	0	0	3
229	340	0	2.12909569	101324.865	101324.867	101324.863	101324.872	0.00168773691	0.00398140359	0	57.9	1209.16	0	0	3
230	342	0	2.13839305	101324.863	101324.867	101324.863	101324.871	0.00157862724	0.00398140359	0	57.9	1211.09	0	0	3
231	343	0	2.14769041	101324.865	101324.867	101324.863	101324.871	0.00145544577	0.00398140359	0	57.9	1209.43	0	0	3
232	345	0	2.15698777	101324.864	101324.867	101324.863	101324.87	0.00133880154	0.00398140359	0	57.9	1210.96	0	0	3
233	346	0	2.16628513	101324.866	101324.867	101324.863	101324.87	0.00136615378	0.00398140359	0	57.9	1208.8	0	0	3
234	348	0	2.17558249	101324.866	101324.867	101324.863	101324.87	0.00143440519	0.00398140359	0	57.9	1209.83	0	0	3
235	349	0	2.18487985	101324.868	101324.867	101324.863	101324.87	0.00143892005	0.00398140359	0	57.9	1209.12	0	0	3
236	351	0	2.19417721	101324.868	101324.867	101324.863	101324.87	0.00144508768	0.00398140359	0	57.9	1208.98	0	0	3
237	352	0	2.20347457	101324.871	101324.867	101324.863	101324.871	0.00144508768	0.00398140359	0	57.9	1209.68	0	0	3
238	354	0	2.21277193	101324.869	101324.867	101324.863	101324.871	0.00144508768	0.00398140359	0	57.9	1210.01	0	0	3
239	355	0	2.2220693	101324.87	101324.867	101324.863	101324.871	0.00144508768	0.00398140359	0	57.9	1209.84	0	0	3
240	357	0	2.23136666	101324.868	101324.867	101324.863	101324.871	0.00144508768	0.00398140359	0	57.9	1210.53	0	0	3
241	359	0	2.24066402	101324.868	101324.867	101324.863	101324.871	0.00144508768	0.00398140359	0	57.9	1209.65	0	0	3
242	360	0	2.24996138	101324.866	101324.867	101324.863	101324.871	0.00144508768	0.00398140359	0	57.9	1211.69	0	0	3
243	362	0	2.25925874	101324.868	101324.867	101324.863	101324.871	0.00144508768	0.00398140359	0	57.9	1216.16	0	0	3
244	363	0	2.2685561	101324.868	101324.867	101324.863	101324.871	0.00144508768	0.00398140359	0	57.9	1215.07	0	0	3
245	365	0	2.27785346	101324.871	101324.867	101324.863	101324.871	0.00144508768	0.00398140359	0	57.9	1215.28	0	0	3
246	367	0	2.28715082	101324.87	101324.867	101324.863	101324.871	0.00144508768	0.00398140359	0	57.9	1214.87	0	0	3
247	368	0	2.29644818	101324.87	101324.867	101324.863	101324.871	0.00144508768	0.00398140359	0	57.9	1226.97	0	0	3
248	370	0	2.30574555	101324.869	101324.867	101324.863	101324.871	0.00144508768	0.00398140359	0	57.9	1213.01	0	0	3
249	371	0	2.31504291	101324.868	101324.867	101324.863	101324.871	0.00144508768	0.00398140359	0	57.9	1211.94	0	0	3
250	373	0	2.32434027	101324.866	101324.867	101324.863	101324.871	0.00144508768	0.00398140359	0	57.9	1207.94	0	0	3
251	374	0	2.33363763	101324.866	101324.867	101324.863	101324.871	0.00144508768	0.00398140359	0	57.9	1209.75	0	0	3
252	376	0	2.34293499	101324.865	101324.867	101324.863	101324.871	0.00144508768	0.00398140359	0	57.9	1213.58	0	0	3
253	378	0	2.35223235	101324.866	101324.867	101324.863	101324.871	0.00144508768	0.00398140359	0	57.9	1211.07	0	0	3
254	379	0	2.36152971	101324.866	101324.867	101324.863	101324.871	0.00149009915	0.00398140359	0	57.9	1213.75	0	0	3
255	381	0	2.37082707	101324.866	101324.867	101324.863	101324.871	0.00154199124	0.00398140359	0	57.9	1210.77	0	0	3
256	382	0	2.38012443	101324.866	101324.867	101324.863	101324.871	0.00157598576	0.00398140359	0	57.9	1216.79	0	0	3
257	384	0	2.3894218	101324.867	101324.867	101324.863	101324.871	0.00157598576	0.00398140359	0	57.9	1211.63	0	0	3
258	386	0	2.39871916	101324.867	101324.867	101324.863	101324.871	0.00157598576	0.00398140359	0	57.9	1216.58	0	0	3
259	387	0	2.40801652	101324.868	101324.867	101324.863	101324.871	0.00157598576	0.00398140359	0	57.9	1212.65	0	0	3
260	389	0	2.41731388	101324.868	101324.867	101324.863	101324.871	0.00157598576	0.00398140359	0	57.9	1218.46	0	0	3
261	390	0	2.42661124	101324.867	101324.867	101324.863	101324.871	0.00157598576	0.00398140359	0	57.9	1214.64	0	0	3
262	392	0	2.4359086	101324.868	101324.867	101324.863	101324.871	0.00157598576	0.00398140359	0	57.9	1216.24	0	0	3
263	393	0	2.44520596	101324.868	101324.867	101324.863	101324.871	0.00157598576	0.00398140359	0	57.9	1213.81	0	0	3
264	395	0	2.45450332	101324.867	101324.867	101324.863	101324.871	0.00157598576	0.00398140359	0	57.9	1214.12	0	0	3
265	396	0	2.46380068	101324.867	101324.867	101324.863	101324.871	0.00157598576	0.00398140359	0	57.9	1214.57	0	0	3
266	398	0	2.47309804	101324.866	101324.867	101324.863	101324.871	0.00157027735	0.00398140359	0	57.9	1217.15	0	0	3
267	399	0	2.48239541	101324.865	101324.867	101324.863	101324.871	0.00154384493	0.00398140359	0	57.9	1209.76	0	0	3
268	401	0	2.49169277	101324.866	101324.867	101324.863	101324.871	0.00146441856	0.00398140359	0	57.9	1216.04	0	0	3
269	402	0	2.50099013	101324.867	101324.867	101324.863	101324.871	0.00134570411	0.00398140359	0	57.9	1211.87	0	0	3
270	404	0	2.51028749	101324.867	101324.867	101324.863	101324.871	0.00120204674	0.00398140359	0	57.9	1237.63	0	0	3
271	405	0	2.51958485	101324.867	101324.867	101324.863	101324.871	0.00108108461	0.00398140359	0	57.9	1215.7	0	0	3
272	407	0	2.52888221	101324.867	101324.867	101324.863	101324.871	0.00099407509	0.00398140359	0	57.9	1218.23	0	0	3
273	408	0	2.53817957	101324.867	101324.867	101324.863	101324.871	0.000912929871	0.00398140359	0	57.9	1227.1	0	0	3
274	410	0	2.54747693	101324.866	101324.867	101324.863	101324.871	0.000907397567	0.00398140359	0	57.9	1238.05	0	0	3
275	411	0	2.55677429	101324.867	101324.867	101324.863	101324.871	0.000907397567	0.00398140359	0	57.9	1220.81	0	0	3
276	413	0	2.56607166	101324.868	101324.867	101324.863	101324.871	0.000907397567	0.00398140359	0	57.9	1230.19	0	0	3
277	415	0	2.57536902	101324.869	101324.867	101324.863	101324.871	0.000907397567	0.00398140359	0	57.9	1220.25	0	0	3
278	416	0	2.58466638	101324.869	101324.867	101324.863	101324.871	0.000907397567	0.00398140359	0	57.9	1231.05	0	0	3
279	418	0	2.59396374	101324.869	101324.867	101324.863	101324.871	0.000907397567	0.00398140359	0	57.9	1220.05	0	0	3
280	419	0	2.6032611	101324.868	101324.867	101324.863	101324.871	0.000876797494	0.00398140359	0	57.9	1229.22	0	0	3
281	421	0	2.61255846	101324.867	101324.867	101324.863	101324.871	0.00081229028	0.00398140359	0	57.9	1220.4	0	0	3
282	423	0	2.62185582	101324.865	101324.867	101324.863	101324.871	0.000689577151	0.00398140359	0	57.9	1224.17	0	0	3
283	424	0	2.63115318	101324.863	101324.867	101324.863	101324.871	0.000534581995	0.00398140359	0	57.9	1217.01	0	0	3
284	426	0	2.64045054	101324.863	101324.867	101324.863	101324.871	0.000492926018	0.00398140359	0	57.9	1227.98	0	0	3
285	427	0	2.64974791	101324.864	101324.867	101324.863	101324.871	0.000492926018	0.00398140359	0	57.9	1218.27	0	0	3
286	429	0	2.65904527	101324.865	101324.867	101324.863	101324.871	0.000492926018	0.00398140359	0	57.9	1226.57	0	0	3
287	430	0	2.66834263	101324.866	101324.867	101324.863	101324.871	0.000492926018	0.00398140359	0	57.9	1219.12	0	0	3
288	432	0	2.67763999	101324.866	101324.867	101324.863	101324.871	0.000492926018	0.00398140359	0	57.9	1225.56	0	0	3
289	433	0	2.68693735	101324.868	101324.867	101324.863	101324.871	0.000492926018	0.00398140359	0	57.9	1219.47	0	0	3
290	435	0	2.69623471	101324.87	101324.867	101324.863	101324.871	0.000492926018	0.00398140359	0	57.9	1223.8	0	0	3
291	436	0	2.70553207	101324.87	101324.867	101324.863	101324.871	0.000492926018	0.00398140359	0	57.9	1217.08	0	0	3
292	438	0	2.71482943	101324.869	101324.867	101324.863	101324.871	0.000492926018	0.00398140359	0	57.9	1226.13	0	0	3
293	439	0	2.72412679	101324.87	101324.867	101324.863	101324.871	0.000492926018	0.00398140359	0	57.9	1218.02	0	0	3
294	441	0	2.73342415	101324.869	101324.867	101324.863	101324.871	0.000492926018	0.00398140359	0	57.9	1223.9	0	0	3
295	443	0	2.74272152	101324.869	101324.867	101324.863	101324.871	0.000492926018	0.00398140359	0	57.9	1218.01	0	0	3
296	444	0	2.75201888	101324.868	101324.867	101324.863	101324.871	0.00049569126	0.00398140359	0	57.9	1221.58	0	0	3
297	445	0	2.76131624	101324.868	101324.867	101324.863	101324.871	0.000500593611	0.00398140359	0	57.9	1213.48	0	0	3
298	447	0	2.7706136	101324.866	101324.867	101324.863	101324.871	0.000500593611	0.00398140359	0	57.9	1224.05	0	0	3
299	449	0	2.77991096	101324.866	101324.867	101324.863	101324.87	0.000500593611	0.00398140359	0	57.9	1214.59	0	0	3
300	450	0	2.78920832	101324.864	101324.867	101324.863	101324.87	0.000500593611	0.00398140359	0	57.9	1223.2	0	0	3
301	452	0	2.79850568	101324.864	101324.867	101324.863	101324.87	0.000500593611	0.00398140359	0	57.9	1216.52	0	0	3
302	454	0	2.80780304	101324.863	101324.867	101324.863	101324.87	0.000500593611	0.00398140359	0	57.9	1219.21	0	0	3
303	455	0	2.8171004	101324.864	101324.867	101324.863	101324.87	0.000565216818	0.00398140359	0	57.9	1219.5	0	0	3
304	457	0	2.82639777	101324.864	101324.867	101324.863	101324.87	0.000600886546	0.00398140359	0	57.9	1221.28	0	0	3
305	458	0	2.83569513	101324.866	101324.867	101324.863	101324.87	0.000609937051	0.00398140359	0	57.9	1217.66	0	0	3
306	460	0	2.84499249	101324.865	101324.867	101324.863	101324.87	0.000609937051	0.00398140359	0	57.9	1221.96	0	0	3
307	461	0	2.85428985	101324.867	101324.867	101324.863	101324.87	0.000609937051	0.00398140359	0	57.9	1216.65	0	0	3
308	463	0	2.86358721	101324.866	101324.867	101324.863	101324.87	0.000609937051	0.00398140359	0	57.9	1218.02	0	0	3
309	464	0	2.87288457	101324.868	101324.867	101324.863	101324.87	0.000609937051	0.00398140359	0	57.9	1214.41	0	0	3
310	466	0	2.88218193	101324.869	101324.867	101324.863	101324.87	0.000609937051	0.00398140359	0	57.9	1218.01	0	0	3
311	467	0	2.89147929	101324.871	101324.867	101324.863	101324.871	0.000609937051	0.00398140359	0	57.9	1214.32	0	0	3
312	469	0	2.90077665	101324.871	101324.867	101324.863	101324.871	0.000609937051	0.00398140359	0	57.9	1221.65	0	0	3
313	470	0	2.91007402	101324.872	101324.867	101324.863	101324.872	0.000609937051	0.00398140359	0	57.9	1216.47	0	0	3
314	472	0	2.91937138	101324.871	101324.867	101324.863	101324.872	0.000609937051	0.00398140359	0	57.9	1220.92	0	0	3
315	473	0	2.92866874	101324.87	101324.867	101324.863	101324.872	0.000609937051	0.00398140359	0	57.9	1214.63	0	0	3
316	475	0	2.9379661	101324.867	101324.867	101324.863	101324.872	0.000609937051	0.00398140359	0	57.9	1220.22	0	0	3
317	476	0	2.94726346	101324.867	101324.867	101324.863	101324.872	0.000609937051	0.00398140359	0	57.9	1211.04	0	0	3
318	478	0	2.95656082	101324.866	101324.867	101324.863	101324.872	0.000609937051	0.00398140359	0	57.9	1218.06	0	0	3
319	479	0	2.96585818	101324.867	101324.867	101324.863	101324.872	0.000609937051	0.00398140359	0	57.9	1211.71	0	0	3
320	481	0	2.97515554	101324.866	101324.867	101324.863	101324.872	0.000609937051	0.00398140359	0	57.9	1219.07	0	0	3
321	482	0	2.9844529	101324.865	101324.867	101324.863	101324.872	0.000609937051	0.00398140359	0	57.9	1211.77	0	0	3
322	484	0	2.99375026	101324.864	101324.867	101324.863	101324.872	0.000609937051	0.00398140359	0	57.9	1220.34	0	0	3
323	486	0	3.00304763	101324.865	101324.867	101324.863	101324.872	0.000609937051	0.00398140359	0	57.9	1212.9	0	0	3
324	487	0	3.01234499	101324.865	101324.867	101324.863	101324.872	0.000609937051	0.00398140359	0	57.9	1222.35	0	0	3
325	489	0	3.02164235	101324.865	101324.867	101324.863	101324.872	0.000609937051	0.00398140359	0	57.9	1211.85	0	0	3
326	490	0	3.03093971	101324.864	101324.867	101324.863	101324.872	0.000609937051	0.00398140359	0	57.9	1221.8	0	0	3
327	492	0	3.04023707	101324.865	101324.867	101324.863	101324.872	0.000609937051	0.00398140359	0	57.9	1211.58	0	0	3
328	493	0	3.04953443	101324.864	101324.867	101324.863	101324.872	0.000609937051	0.00398140359	0	57.9	1222.96	0	0	3
329	495	0	3.05883179	101324.866	101324.867	101324.863	101324.872	0.000609937051	0.00398140359	0	57.9	1213.66	0	0	3
330	496	0	3.06812915	101324.866	101324.867	101324.863	101324.872	0.000609937051	0.00398140359	0	57.9	1218.18	0	0	3
331	498	0	3.07742651	101324.867	101324.867	101324.863	101324.872	0.000609937051	0.00398140359	0	57.9	1212.06	0	0	3
332	499	0	3.08672388	101324.868	101324.867	101324.863	101324.872	0.000609937051	0.00398140359	0	57.9	1215.41	0	0	3
333	501	0	3.09602124	101324.869	101324.867	101324.863	101324.872	0.00062018758	0.00398140359	0	57.9	1213.9	0	0	3
334	503	0	3.1053186	101324.868	101324.867	101324.863	101324.872	0.00062018758	0.00398140359	0	57.9	1213.45	0	0	3
335	504	0	3.11461596	101324.87	101324.867	101324.863	101324.872	0.00062018758	0.00398140359	0	57.9	1210.1	0	0	3
336	506	0	3.12391332	101324.869	101324.867	101324.863	101324.872	0.00062018758	0.00398140359	0	57.9	1213.9	0	0	3
337	507	0	3.13321068	101324.87	101324.867	101324.863	101324.872	0.00062018758	0.00398140359	0	57.9	1211.86	0	0	3
338	509	0	3.14250804	101324.868	101324.867	101324.863	101324.872	0.00062018758	0.00398140359	0	57.9	1214.87	0	0	3
339	510	0	3.1518054	101324.868	101324.867	101324.863	101324.872	0.00062018758	0.00398140359	0	57.9	1213.98	0	0	3
340	512	0	3.16110276	101324.867	101324.867	101324.863	101324.872	0.00062018758	0.00398140359	0	57.9	1213.58	0	0	3
341	513	0	3.17040013	101324.867	101324.867	101324.863	101324.872	0.00062018758	0.00398140359	0	57.9	1212.04	0	0	3
342	515	0	3.17969749	101324.865	101324.867	101324.863	101324.872	0.00062018758	0.00398140359	0	57.9	1213.29	0	0	3
343	516	0	3.18899485	101324.866	101324.867	101324.863	101324.872	0.00062018758	0.00398140359	0	57.9	1211.8	0	0	3
344	518	0	3.19829221	101324.866	101324.867	101324.863	101324.872	0.00062018758	0.00398140359	0	57.9	1211.35	0	0	3
345	519	0	3.20758957	101324.866	101324.867	101324.863	101324.872	0.00062018758	0.00398140359	0	57.9	1210.92	0	0	3
346	521	0	3.21688693	101324.866	101324.867	101324.863	101324.872	0.00062018758	0.00398140359	0	57.9	1199.99	0	0	3
347	522	0	3.22618429	101324.867	101324.867	101324.863	101324.872	0.00062018758	0.00398140359	0	57.9	1215.29	0	0	3
348	524	0	3.23548165	101324.866	101324.867	101324.863	101324.872	0.00062018758	0.00398140359	0	57.9	1201.95	0	0	3
349	525	0	3.24477901	101324.866	101324.867	101324.863	101324.872	0.00062018758	0.00398140359	0	57.9	1219.86	0	0	3
350	527	0	3.25407637	101324.865	101324.867	101324.863	101324.872	0.000626143214	0.00398140359	0	57.9	1199.64	0	0	3
351	529	0	3.26337374	101324.867	101324.867	101324.863	101324.872	0.000613131007	0.00398140359	0	57.9	1219.03	0	0	3
352	530	0	3.2726711	101324.867	101324.867	101324.863	101324.872	0.000518990448	0.00398140359	0	57.9	1201.93	0	0	3
353	532	0	3.28196846	101324.868	101324.867	101324.863	101324.872	0.000482609175	0.00398140359	0	57.9	1220.52	0	0	3
354	533	0	3.29126582	101324.868	101324.867	101324.863	101324.872	0.000482609175	0.00398140359	0	57.9	1201.42	0	0	3
355	535	0	3.30056318	101324.87	101324.867	101324.863	101324.872	0.000482609175	0.00398140359	0	57.9	1218.71	0	0	3
356	536	0	3.30986054	101324.87	101324.867	101324.864	101324.872	0.000482609175	0.00398140359	0	57.9	1203.87	0	0	3
357	538	0	3.3191579	101324.87	101324.867	101324.864	101324.872	0.000521210459	0.00398140359	0	57.9	1219.48	0	0	3
358	539	0	3.32845526	101324.87	101324.867	101324.864	101324.872	0.000632452371	0.00398140359	0	57.9	1202.39	0	0	3
359	541	0	3.33775262	101324.87	101324.867	101324.864	101324.872	0.000705606682	0.00398140359	0	57.9	1227.73	0	0	3
360	542	0	3.34704999	101324.867	101324.867	101324.864	101324.872	0.000739551033	0.00398140359	0	57.9	1205.66	0	0	3
361	544	0	3.35634735	101324.866	101324.867	101324.864	101324.872	0.000739551033	0.00398140359	0	57.9	1230.39	0	0	3
362	546	0	3.36564471	101324.864	101324.867	101324.864	101324.872	0.000739551033	0.00398140359	0	57.9	1219.83	0	0	3
363	547	0	3.37494207	101324.863	101324.867	101324.863	101324.872	0.000739551033	0.00398140359	0	57.9	1224.77	0	0	3
364	549	0	3.38423943	101324.863	101324.867	101324.863	101324.872	0.000739551033	0.00398140359	0	57.9	1226.42	0	0	3
365	550	0	3.39353679	101324.863	101324.867	101324.863	101324.872	0.000739551033	0.00398140359	0	57.9	1233.47	0	0	3
366	552	0	3.40283415	101324.863	101324.867	101324.863	101324.872	0.000739551033	0.00398140359	0	57.9	1238.28	0	0	3
367	553	0	3.41213151	101324.864	101324.867	101324.863	101324.871	0.000739551033	0.00398140359	0	57.9	1242.42	0	0	3
368	555	0	3.42142887	101324.865	101324.867	101324.863	101324.87	0.000761610223	0.00398140359	0	57.9	1240.05	0	0	3
369	556	0	3.43072624	101324.868	101324.867	101324.863	101324.87	0.000789774902	0.00398140359	0	57.9	1243.24	0	0	3
370	558	0	3.4400236	101324.868	101324.867	101324.863	101324.87	0.000789774902	0.00398140359	0	57.9	1230.62	0	0	3
371	559	0	3.44932096	101324.87	101324.867	101324.863	101324.87	0.000789774902	0.00398140359	0	57.9	1234.96	0	0	3
372	561	0	3.45861832	101324.87	101324.867	101324.863	101324.87	0.000789774902	0.00398140359	0	57.9	1235.32	0	0	3
373	563	0	3.46791568	101324.87	101324.867	101324.863	101324.87	0.000789774902	0.00398140359	0	57.9	1236.13	0	0	3
374	564	0	3.47721304	101324.868	101324.867	101324.863	101324.87	0.000789774902	0.00398140359	0	57.9	1247.52	0	0	3
375	565	0	3.4865104	101324.866	101324.867	101324.863	101324.87	0.000789774902	0.00398140359	0	57.9	1253.25	0	0	3
376	567	0	3.49580776	101324.865	101324.867	101324.863	101324.87	0.000789774902	0.00398140359	0	57.9	1226.78	0	0	3
377	568	0	3.50510512	101324.866	101324.867	101324.863	101324.87	0.000789774902	0.00398140359	0	57.9	1246.6	0	0	3
378	570	0	3.51440248	101324.866	101324.867	101324.863	101324.87	0.000789774902	0.00398140359	0	57.9	1238.34	0	0	3
379	571	0	3.52369985	101324.867	101324.867	101324.863	101324.87	0.000789774902	0.00398140359	0	57.9	1240	0	0	3
380	573	0	3.53299721	101324.867	101324.867	101324.863	101324.87	0.000789774902	0.00398140359	0	57.9	1235.21	0	0	3
381	574	0	3.54229457	101324.869	101324.867	101324.863	101324.87	0.000789774902	0.00398140359	0	57.9	1234.72	0	0	3
382	576	0	3.55159193	101324.869	101324.867	101324.863	101324.87	0.000789774902	0.00398140359	0	57.9	1231.46	0	0	3
383	578	0	3.56088929	101324.87	101324.867	101324.863	101324.87	0.000789774902	0.00398140359	0	57.9	1232.14	0	0	3
384	579	0	3.57018665	101324.87	101324.867	101324.863	101324.87	0.000789774902	0.00398140359	0	57.9	1229.89	0	0	3
385	581	0	3.57948401	101324.871	101324.867	101324.863	101324.871	0.000842096182	0.00398140359	0	57.9	1252.54	0	0	3
386	582	0	3.58878137	101324.869	101324.867	101324.863	101324.871	0.00086827921	0.00398140359	0	57.9	1236.12	0	0	3
387	584	0	3.59807873	101324.868	101324.867	101324.863	101324.871	0.00086827921	0.00398140359	0	57.9	1241.5	0	0	3
388	585	0	3.6073761	101324.867	101324.867	101324.863	101324.871	0.00086827921	0.00398140359	0	57.9	1233.49	0	0	3
389	587	0	3.61667346	101324.866	101324.867	101324.863	101324.871	0.00086827921	0.00398140359	0	57.9	1243.11	0	0	3
390	588	0	3.62597082	101324.865	101324.867	101324.863	101324.871	0.00086827921	0.00398140359	0	57.9	1236.32	0	0	3
391	590	0	3.63526818	101324.866	101324.867	101324.863	101324.871	0.00086827921	0.00398140359	0	57.9	1237.84	0	0	3
392	591	0	3.64456554	101324.866	101324.867	101324.863	101324.871	0.00086827921	0.00398140359	0	57.9	1230.34	0	0	3
393	593	0	3.6538629	101324.866	101324.867	101324.863	101324.871	0.00086827921	0.00398140359	0	57.9	1241.69	0	0	3
394	595	0	3.66316026	101324.865	101324.867	101324.863	101324.871	0.00086827921	0.00398140359	0	57.9	1232.27	0	0	3
395	596	0	3.67245762	101324.866	101324.867	101324.863	101324.871	0.00086827921	0.00398140359	0	57.9	1228.94	0	0	3
396	598	0	3.68175498	101324.866	101324.867	101324.863	101324.871	0.00086827921	0.00398140359	0	57.9	1225.38	0	0	3
397	600	0	3.69105235	101324.866	101324.867	101324.863	101324.871	0.00086827921	0.00398140359	0	57.9	1224.94	0	0	3
398	601	0	3.70034971	101324.867	101324.867	101324.863	101324.871	0.00086827921	0.00398140359	0	57.9	1236.12	0	0	3
399	603	0	3.70964707	101324.868	101324.867	101324.863	101324.871	0.00086827921	0.00398140359	0	57.9	1243.6	0	0	3
400	604	0	3.71894443	101324.868	101324.867	101324.863	101324.871	0.00086827921	0.00398140359	0	57.9	1231.31	0	0	3
401	607	0	3.72824179	101324.869	101324.867	101324.863	101324.871	0.00086827921	0.00398140359	0	57.9	1238.75	0	0	3
402	608	0	3.73753915	101324.868	101324.867	101324.863	101324.871	0.00086827921	0.00398140359	0	57.9	1231.68	0	0	3
403	610	0	3.74683651	101324.869	101324.867	101324.863	101324.871	0.00086827921	0.00398140359	0	57.9	1230.39	0	0	3
404	611	0	3.75613387	101324.867	101324.867	101324.863	101324.871	0.00086827921	0.00398140359	0	57.9	1224.57	0	0	3
405	613	0	3.76543123	101324.866	101324.867	101324.863	101324.871	0.00086827921	0.00398140359	0	57.9	1236.11	0	0	3
406	615	0	3.77472859	101324.866	101324.867	101324.863	101324.871	0.00086827921	0.00398140359	0	57.9	1225.82	0	0	3
407	616	0	3.78402596	101324.866	101324.867	101324.863	101324.871	0.00086827921	0.00398140359	0	57.9	1236.93	0	0	3
408	618	0	3.79332332	101324.866	101324.867	101324.863	101324.871	0.00086827921	0.00398140359	0	57.9	1227.82	0	0	3
409	619	0	3.80262068	101324.867	101324.867	101324.863	101324.871	0.00086827921	0.00398140359	0	57.9	1233.29	0	0	3
410	620	0	3.81191804	101324.868	101324.867	101324.863	101324.871	0.00086827921	0.00398140359	0	57.9	1227.8	0	0	3
411	622	0	3.8212154	101324.869	101324.867	101324.863	101324.871	0.00086827921	0.00398140359	0	57.9	1231.28	0	0	3
412	624	0	3.83051276	101324.869	101324.867	101324.863	101324.871	0.00086827921	0.00398140359	0	57.9	1228.4	0	0	3
413	625	0	3.83981012	101324.869	101324.867	101324.863	101324.871	0.00086827921	0.00398140359	0	57.9	1231.04	0	0	3
414	627	0	3.84910748	101324.867	101324.867	101324.863	101324.871	0.00086827921	0.00398140359	0	57.9	1225.86	0	0	3
415	629	0	3.85840484	101324.866	101324.867	101324.863	101324.871	0.00086827921	0.00398140359	0	57.9	1229.81	0	0	3
416	630	0	3.86770221	101324.865	101324.867	101324.863	101324.871	0.00086827921	0.00398140359	0	57.9	1228.12	0	0	3
417	632	0	3.87699957	101324.865	101324.867	101324.863	101324.871	0.00086827921	0.00398140359	0	57.9	1231	0	0	3
418	634	0	3.88629693	101324.865	101324.867	101324.863	101324.871	0.00086827921	0.00398140359	0	57.9	1223.89	0	0	3
419	635	0	3.89559429	101324.865	101324.867	101324.863	101324.871	0.00086827921	0.00398140359	0	57.9	1233.99	0	0	3
420	637	0	3.90489165	101324.865	101324.867	101324.864	101324.871	0.00086827921	0.00398140359	0	57.9	1223.6	0	0	3
421	638	0	3.91418901	101324.867	101324.867	101324.865	101324.871	0.00086827921	0.00398140359	0	57.9	1232.13	0	0	3
422	640	0	3.92348637	101324.869	101324.867	101324.865	101324.871	0.00086827921	0.00398140359	0	57.9	1227.49	0	0	3
423	641	0	3.93278373	101324.87	101324.867	101324.865	101324.871	0.000849910255	0.00398140359	0	57.9	1223.52	0	0	3
424	643	0	3.94208109	101324.87	101324.867	101324.865	101324.871	0.000796876819	0.00398140359	0	57.9	1223.31	0	0	3
425	644	0	3.95137846	101324.871	101324.867	101324.865	101324.871	0.000723184741	0.00398140359	0	57.9	1224.8	0	0	3
426	646	0	3.96067582	101324.869	101324.867	101324.865	101324.871	0.000665257336	0.00398140359	0	57.9	1243.81	0	0	3
427	648	0	3.96997318	101324.869	101324.867	101324.865	101324.871	0.000619558487	0.00398140359	0	57.9	1232.51	0	0	3
428	649	0	3.97927054	101324.868	101324.867	101324.865	101324.871	0.000601747466	0.00398140359	0	57.9	1232.47	0	0	3
429	651	0	3.9885679	101324.868	101324.867	101324.865	101324.871	0.000579061874	0.00398140359	0	57.9	1227.53	0	0	3
430	652	0	3.99786526	101324.867	101324.867	101324.865	101324.871	0.000562223242	0.00398140359	0	57.9	1241.21	0	0	3
431	654	0	4.00716262	101324.866	101324.867	101324.865	101324.871	0.000544263617	0.00398140359	0	57.9	1243.91	0	0	3
