Iteration	CPUTime	PhysTime	Travels	Value	AvValue	MinValue	MaxValue	Delta	Criteria	Progress	dGMaxMin	CriteriaType	CriteriaVarType	CriteriaPercentage
1	23	0	0.00582064765	4.77527483	4.77527483	4.77527483	4.77527483	0	0	0	0	0	0	0	3
2	32	0	0.0116412953	-6.88526309	-1.05499413	-6.88526309	4.77527483	5.83026896	0	0	0	0	0	0	3
3	42	0	0.017461943	1.23764516	-0.290781034	-6.88526309	4.77527483	5.83026896	0	0	0	0	0	0	3
4	51	0	0.0232825906	3.87384955	0.750376612	-6.88526309	4.77527483	5.83026896	0	0	0	0	0	0	3
5	59	0	0.0291032383	3.67477804	1.3352569	-6.88526309	4.77527483	5.83026896	0	0	0	0	0	0	3
6	68	0	0.0349238859	5.06074836	1.95617214	-6.88526309	5.06074836	5.83026896	0	0	0	0	0	0	3
7	76	0	0.0407445336	5.5649713	2.47171488	-6.88526309	5.5649713	5.83026896	0	0	0	0	0	0	3
8	84	0	0.0465651812	6.96892731	3.03386643	-6.88526309	6.96892731	5.83026896	0	0	0	0	0	0	3
9	93	0	0.0523858289	7.05438386	3.48059059	-6.88526309	7.05438386	5.83026896	0	0	0	0	0	0	3
10	101	0	0.0582064765	6.40672613	3.77320415	-6.88526309	7.05438386	5.83026896	0	0	0	0	0	0	3
11	109	0	0.0640271242	6.34886255	4.00735491	-6.88526309	7.05438386	5.83026896	0	0	0	0	0	0	3
12	117	0	0.0698477719	6.76600897	4.23724275	-6.88526309	7.05438386	5.83026896	0	0	0	0	0	0	3
13	125	0	0.0756684195	7.24392993	4.46852638	-6.88526309	7.24392993	5.83026896	0	0	0	0	0	0	3
14	133	0	0.0814890672	7.55543164	4.68901961	-6.88526309	7.55543164	5.83026896	0	0	0	0	0	0	3
15	142	0	0.0873097148	7.70154424	4.88985459	-6.88526309	7.70154424	5.94484872	0	0	0	0	0	0	3
16	150	0	0.0931303625	7.57794118	5.05786	-6.88526309	7.70154424	6.11285413	0	0	0	0	0	0	3
17	158	0	0.0989510101	7.68753704	5.21254688	-6.88526309	7.70154424	6.26754101	0	0	0	0	0	0	3
18	166	0	0.104771658	7.73631977	5.35275649	-6.88526309	7.73631977	6.40775062	0	0	0	0	0	0	3
19	174	0	0.110592305	7.5976751	5.4709101	-6.88526309	7.73631977	6.52590423	0	0	0	0	0	0	3
20	182	0	0.116412953	7.62521134	5.57862516	-6.88526309	7.73631977	6.63361929	0	0	0	0	0	0	3
21	190	0	0.122233601	7.76712807	5.68283958	-6.88526309	7.76712807	6.73783372	0	0	0	0	0	0	3
22	198	0	0.128054248	7.80549003	5.7793237	-6.88526309	7.80549003	6.83431783	0	0	0	0	0	0	3
23	207	0	0.133874896	7.87699748	5.8705269	-6.88526309	7.87699748	6.92552103	0	0	0	0	0	0	3
24	215	0	0.139695544	8.00714031	5.95955246	-6.88526309	8.00714031	7.01454659	0	0	0	0	0	0	3
25	223	0	0.145516191	8.02711131	6.04225482	-6.88526309	8.02711131	7.09724895	0	0	0	0	0	0	3
26	231	0	0.151336839	8.12650034	6.12241811	-6.88526309	8.12650034	7.17741224	0	0	0	0	0	0	3
27	239	0	0.157157487	8.37343047	6.20578893	-6.88526309	8.37343047	7.26078307	0	0	0	0	0	0	3
28	248	0	0.162978134	8.58031229	6.29059334	-6.88526309	8.58031229	7.34558747	0	0	0	0	0	0	3
29	258	0	0.168798782	8.78687887	6.37667215	-6.88526309	8.78687887	7.43166628	0	0	0	0	0	0	3
30	268	0	0.17461943	9.03302235	6.46521716	-6.88526309	9.03302235	7.52021129	0	0	0	0	0	0	3
31	278	0	0.180440077	9.21501767	6.5539204	-6.88526309	9.21501767	7.60891453	0	0	0	0	0	0	3
32	288	0	0.186260725	9.38656708	6.64244061	-6.88526309	9.38656708	7.69743474	0	0	0	0	0	0	3
33	300	0	0.192081373	9.57446056	6.7312897	-6.88526309	9.57446056	7.78628383	0	0	0	0	0	0	3
34	310	0	0.19790202	9.80548905	6.82170733	-6.88526309	9.80548905	7.87670146	0	0	0	0	0	0	3
35	320	0	0.203722668	10.055004	6.91408723	-6.88526309	10.055004	7.96908136	0	0	0	0	0	0	3
36	330	0	0.209543316	10.3476269	7.00946333	-6.88526309	10.3476269	8.06445746	0	0	0	0	0	0	3
37	340	0	0.215363963	10.7837483	7.11147104	-6.88526309	10.7837483	8.16646517	0	0	0	0	0	0	3
38	349	0	0.221184611	11.1763004	7.21844023	-6.88526309	11.1763004	8.27343436	0	0	0	0	0	0	3
39	359	0	0.227005259	11.5763925	7.3301826	-6.88526309	11.5763925	8.38517673	0	0	0	0	0	0	3
40	368	0	0.232825906	11.8020389	7.441979	-6.88526309	11.8020389	8.49697314	0	0	0	0	0	0	3
41	378	0	0.238646554	11.9894273	7.55289238	-6.88526309	11.9894273	8.60788651	0	0	0	0	0	0	3
42	386	0	0.244467201	12.2243963	7.66411866	-6.88526309	12.2243963	8.71911279	0	0	0	0	0	0	3
43	395	0	0.250287849	12.4898542	7.77634507	-6.88526309	12.4898542	8.8313392	0	0	0	0	0	0	3
44	406	0	0.256108497	12.696467	7.88816602	-6.88526309	12.696467	8.94316015	0	0	0	0	0	0	3
45	416	0	0.261929144	12.8321531	7.9980324	-6.88526309	12.8321531	9.05302653	0	0	0	0	0	0	3
46	428	0	0.267749792	12.8705752	8.10395724	-6.88526309	12.8705752	9.15895137	0	0	0	0	0	0	3
47	439	0	0.27357044	12.82669	8.20444092	-6.88526309	12.8705752	9.25943505	0	0	0	0	0	0	3
48	451	0	0.279391087	12.6884306	8.29785737	-6.88526309	12.8705752	9.3528515	0	0	0	0	0	0	3
49	462	0	0.285211735	12.5106912	8.38383357	-6.88526309	12.8705752	9.4388277	0	0	0	0	0	0	3
50	472	0	0.291032383	12.3345652	8.4628482	-6.88526309	12.8705752	9.51784233	0	0	0	0	0	0	3
51	482	0	0.29685303	12.2188023	8.53649436	-6.88526309	12.8705752	9.59148849	0	0	0	0	0	0	3
52	493	0	0.302673678	12.2106021	8.60715028	-6.88526309	12.8705752	9.66214441	0	0	0	0	0	0	3
53	503	0	0.308494326	12.2541557	8.6759617	-6.88526309	12.8705752	9.73095584	0	0	0	0	0	0	3
54	513	0	0.314314973	12.3472377	8.7439483	-6.88526309	12.8705752	9.79894243	0	0	0	0	0	0	3
55	522	0	0.320135621	12.4719087	8.8117294	-6.88526309	12.8705752	9.86672353	0	0	0	0	0	0	3
56	532	0	0.325956269	12.6264906	8.87985013	-6.88526309	12.8705752	9.93484426	0	0	0	0	0	0	3
57	542	0	0.331776916	12.776132	8.94820595	-6.88526309	12.8705752	10.0032001	0	0	0	0	0	0	3
58	554	0	0.337597564	12.863135	9.01570473	-6.88526309	12.8705752	10.0706989	0	0	0	0	0	0	3
59	564	0	0.343418212	12.8679266	9.08099662	-6.88526309	12.8705752	10.1359908	0	0	0	0	0	0	3
60	573	0	0.349238859	12.8130368	9.14319729	-6.88526309	12.8705752	10.1981914	0	0	0	0	0	0	3
61	582	0	0.355059507	12.7137017	9.20173015	-6.88526309	12.8705752	10.2567243	0	0	0	0	0	0	3
62	592	0	0.360880155	12.5656443	9.25598683	-6.88526309	12.8705752	10.310981	0	0	0	0	0	0	3
63	602	0	0.366700802	12.4209719	9.30622469	-6.88526309	12.8705752	10.3612188	0	0	0	0	0	0	3
64	611	0	0.37252145	12.3004618	9.35300965	-6.88526309	12.8705752	10.4080038	0	0	0	0	0	0	3
65	621	0	0.378342098	12.280761	9.39805198	-6.88526309	12.8705752	10.4530461	0	0	0	0	0	0	3
66	631	0	0.384162745	12.3420841	9.44265852	-6.88526309	12.8705752	10.4976527	0	0	0	0	0	0	3
67	640	0	0.389983393	12.4025208	9.48683557	-6.88526309	12.8705752	10.5418297	0	0	0	0	0	0	3
68	650	0	0.395804041	12.4124895	9.52985989	-6.88526309	12.8705752	10.584854	0	0	0	0	0	0	3
69	659	0	0.401624688	12.3972629	9.57141646	-6.88526309	12.8705752	10.6264106	0	0	0	0	0	0	3
70	669	0	0.407445336	12.3751794	9.61147022	-6.88526309	12.8705752	10.6664643	0	0	0	0	0	0	3
71	678	0	0.413265983	12.3344746	9.64982239	-6.88526309	12.8705752	10.7048165	0	0	0	0	0	0	3
72	688	0	0.419086631	12.2542573	9.6859951	-6.88526309	12.8705752	10.7409892	0	0	0	0	0	0	3
73	698	0	0.424907279	12.1554626	9.71982342	-6.88526309	12.8705752	10.7748176	0	0	0	0	0	0	3
74	707	0	0.430727926	12.0758517	9.75166164	-6.88526309	12.8705752	10.8066558	0	0	0	0	0	0	3
75	717	0	0.436548574	12.0611958	9.78245543	-6.88526309	12.8705752	10.8374496	0	0	0	0	0	0	3
76	726	0	0.442369222	12.0998678	9.8129477	-6.88526309	12.8705752	10.8679418	0	0	0	0	0	0	3
77	734	0	0.448189869	12.1700206	9.84355903	-6.88526309	12.8705752	10.8985532	0	0	0	0	0	0	3
78	743	0	0.454010517	12.2398091	9.87428019	-6.88526309	12.8705752	10.9292743	0	0	0	0	0	0	3
79	751	0	0.459831165	12.2828354	9.90476823	-6.88526309	12.8705752	10.9597624	0	0	0	0	0	0	3
80	760	0	0.465651812	12.2992815	9.93469964	-6.88526309	12.8705752	10.9896938	0	0	0	0	0	0	3
81	768	0	0.47147246	12.297664	9.96387204	-6.88526309	12.8705752	11.0188662	0	0	0	0	0	0	3
82	777	0	0.477293108	12.2527359	9.99178502	-6.88526309	12.8705752	11.0467791	0	0	0	0	0	0	3
83	785	0	0.483113755	12.1797061	10.0181455	-6.88526309	12.8705752	11.0731396	0	0	0	0	0	0	3
84	795	0	0.488934403	12.1167285	10.0431286	-6.88526309	12.8705752	11.0981228	0	0	0	0	0	0	3
85	804	0	0.494755051	12.0749793	10.0670328	-6.88526309	12.8705752	11.1220269	0	0	0	0	0	0	3
86	813	0	0.500575698	12.0674273	10.0902932	-6.88526309	12.8705752	11.1452873	0	0	0	0	0	0	3
87	821	0	0.506396346	12.1015223	10.1754821	-6.88526309	12.8705752	11.2304762	0	0	0	0	0	0	3
88	830	0	0.512216994	12.1725863	10.397085	1.23764516	12.8705752	10.687866	0	0	0	0	0	0	3
89	839	0	0.518037641	12.2260725	10.5248574	3.67477804	12.8705752	9.19579712	0	0	0	0	0	0	3
90	847	0	0.523858289	12.2569881	10.6223358	3.67477804	12.8705752	9.19579712	0	0	0	0	0	0	3
91	855	0	0.529678937	12.2686943	10.722265	5.06074836	12.8705752	7.8098268	0	0	0	0	0	0	3
92	864	0	0.535499584	12.2393599	10.8057372	5.5649713	12.8705752	7.30560386	0	0	0	0	0	0	3
93	873	0	0.541320232	12.1799525	10.8826556	6.34886255	12.8705752	6.52171261	0	0	0	0	0	0	3
94	881	0	0.54714088	12.1399425	10.9427837	6.34886255	12.8705752	6.52171261	0	0	0	0	0	0	3
95	890	0	0.552961527	12.1357602	11.0018695	6.34886255	12.8705752	6.52171261	0	0	0	0	0	0	3
