Iteration	CPUTime	PhysTime	Travels	Value	AvValue	MinValue	MaxValue	Delta	Criteria	Progress	dGMaxMin	CriteriaType	CriteriaVarType	CriteriaPercentage
1	23	0	0.00582064765	97167.8467	97167.8467	97167.8467	97167.8467	0	0	0	0	8364.57	0	0	3
2	32	0	0.0116412953	100346.853	98757.3498	97167.8467	100346.853	1589.50304	0	0	0	2031.55	0	0	3
3	42	0	0.017461943	100470.539	99328.4127	97167.8467	100470.539	2160.56598	0	0	0	1582.07	0	0	3
4	51	0	0.0232825906	100584.017	99642.3137	97167.8467	100584.017	2474.46699	0	0	0	1312.79	0	0	3
5	59	0	0.0291032383	100688.059	99851.4628	97167.8467	100688.059	2683.61605	0	0	0	1159.5	0	0	3
6	68	0	0.0349238859	100773.758	100005.179	97167.8467	100773.758	2837.33188	0	0	0	1065.84	0	0	3
7	76	0	0.0407445336	100838.963	100124.291	97167.8467	100838.963	2956.44394	0	0	0	976.406	0	0	3
8	84	0	0.0465651812	100944.18	100226.777	97167.8467	100944.18	3058.93005	0	0	0	843.962	0	0	3
9	93	0	0.0523858289	101030.423	100316.071	97167.8467	101030.423	3148.22409	0	0	0	740.21	0	0	3
10	101	0	0.0582064765	101013.454	100385.809	97167.8467	101030.423	3217.96238	0	0	0	758.928	0	0	3
11	109	0	0.0640271242	101002.535	100441.875	97167.8467	101030.423	3274.02842	0	0	0	770.87	0	0	3
12	117	0	0.0698477719	101013.007	100489.469	97167.8467	101030.423	3321.62273	0	0	0	759.99	0	0	3
13	125	0	0.0756684195	101037.263	100531.607	97167.8467	101037.263	3363.7607	0	0	0	735.153	0	0	3
14	133	0	0.0814890672	101059.686	100569.327	97167.8467	101059.686	3401.48057	0	0	0	711.373	0	0	3
15	142	0	0.0873097148	101069.215	100602.653	97167.8467	101069.215	3434.80641	0	0	0	701.614	0	0	3
16	150	0	0.0931303625	101073.127	100632.058	97167.8467	101073.127	3464.211	0	0	0	696.023	0	0	3
17	158	0	0.0989510101	101076.579	100658.206	97167.8467	101076.579	3490.35933	0	0	0	690.293	0	0	3
18	166	0	0.104771658	101079.924	100681.635	97167.8467	101079.924	3513.78813	0	0	0	684.583	0	0	3
19	174	0	0.110592305	101084.279	100702.827	97167.8467	101084.279	3534.9799	0	0	0	679.06	0	0	3
20	182	0	0.116412953	101087.465	100722.059	97167.8467	101087.465	3554.21181	0	0	0	674.571	0	0	3
21	190	0	0.122233601	101090.464	100739.602	97167.8467	101090.464	3571.75494	0	0	0	669.287	0	0	3
22	198	0	0.128054248	101094.547	100755.736	97167.8467	101094.547	3587.88883	0	0	0	661.941	0	0	3
23	207	0	0.133874896	101098.919	100770.657	97167.8467	101098.919	3602.80984	0	0	0	653.231	0	0	3
24	215	0	0.139695544	101105.457	100784.607	97167.8467	101105.457	3616.75984	0	0	0	642.591	0	0	3
25	223	0	0.145516191	101110.903	100797.658	97167.8467	101110.903	3629.81171	0	0	0	630.817	0	0	3
26	231	0	0.151336839	101113.054	100809.789	97167.8467	101113.054	3641.94229	0	0	0	625.537	0	0	3
27	239	0	0.157157487	101113.16	100821.025	97167.8467	101113.16	3653.17825	0	0	0	626.337	0	0	3
28	248	0	0.162978134	101115.463	100831.541	97167.8467	101115.463	3663.69388	0	0	0	623.976	0	0	3
29	258	0	0.168798782	101117.445	100841.399	97167.8467	101117.445	3673.55266	0	0	0	619.222	0	0	3
30	268	0	0.17461943	101121.42	100850.733	97167.8467	101121.42	3682.88668	0	0	0	611.924	0	0	3
31	278	0	0.180440077	101123.264	100859.525	97167.8467	101123.264	3691.678	0	0	0	607.794	0	0	3
32	288	0	0.186260725	101123.797	100867.783	97167.8467	101123.797	3699.93651	0	0	0	605.322	0	0	3
33	300	0	0.192081373	101123.59	100875.535	97167.8467	101123.797	3707.68824	0	0	0	604.565	0	0	3
34	310	0	0.19790202	101126.122	100882.905	97167.8467	101126.122	3715.05845	0	0	0	602.097	0	0	3
35	320	0	0.203722668	101127.769	100889.901	97167.8467	101127.769	3722.05457	0	0	0	599.664	0	0	3
36	330	0	0.209543316	101127.712	100896.507	97167.8467	101127.769	3728.66041	0	0	0	599.638	0	0	3
37	340	0	0.215363963	101126.906	100902.734	97167.8467	101127.769	3734.88742	0	0	0	600.516	0	0	3
38	349	0	0.221184611	101128.407	100908.673	97167.8467	101128.407	3740.82618	0	0	0	598.808	0	0	3
39	359	0	0.227005259	101129.496	100914.335	97167.8467	101129.496	3746.48829	0	0	0	597.274	0	0	3
40	368	0	0.232825906	101130.65	100919.743	97167.8467	101130.65	3751.89617	0	0	0	595.612	0	0	3
41	378	0	0.238646554	101130.97	100924.895	97167.8467	101130.97	3757.04804	0	0	0	595.163	0	0	3
42	386	0	0.244467201	101131.191	100929.807	97167.8467	101131.191	3761.95986	0	0	0	594.422	0	0	3
43	395	0	0.250287849	101131.338	100934.493	97167.8467	101131.338	3766.64664	0	0	0	594.028	0	0	3
44	406	0	0.256108497	101131.415	100938.969	97167.8467	101131.415	3771.12213	0	0	0	594.136	0	0	3
45	416	0	0.261929144	101131.417	100943.245	97167.8467	101131.417	3775.39875	0	0	0	593.954	0	0	3
46	428	0	0.267749792	101131.487	100947.338	97167.8467	101131.487	3779.49097	0	0	0	594.53	0	0	3
47	439	0	0.27357044	101131.524	100951.257	97167.8467	101131.524	3783.40982	0	0	0	593.908	0	0	3
48	451	0	0.279391087	101131.641	100955.015	97167.8467	101131.641	3787.16783	0	0	0	594.589	0	0	3
49	462	0	0.285211735	101131.648	100958.619	97167.8467	101131.648	3790.77259	0	0	0	593.294	0	0	3
50	472	0	0.291032383	101131.734	100962.082	97167.8467	101131.734	3794.23489	0	0	0	594.288	0	0	3
51	482	0	0.29685303	101131.74	100965.408	97167.8467	101131.74	3797.56154	0	0	0	593.042	0	0	3
52	493	0	0.302673678	101131.777	100968.608	97167.8467	101131.777	3800.76094	0	0	0	594.058	0	0	3
53	503	0	0.308494326	101131.697	100971.685	97167.8467	101131.777	3803.83809	0	0	0	593.063	0	0	3
54	513	0	0.314314973	101131.572	100974.646	97167.8467	101131.777	3806.79897	0	0	0	593.944	0	0	3
55	522	0	0.320135621	101131.352	100977.495	97167.8467	101131.777	3809.64817	0	0	0	593.419	0	0	3
56	532	0	0.325956269	101131.112	100980.238	97167.8467	101131.777	3812.39134	0	0	0	594.444	0	0	3
57	542	0	0.331776916	101130.886	100982.881	97167.8467	101131.777	3815.03429	0	0	0	594.221	0	0	3
58	554	0	0.337597564	101130.711	100985.43	97167.8467	101131.777	3817.58308	0	0	0	595.1	0	0	3
59	564	0	0.343418212	101130.551	100987.89	97167.8467	101131.777	3820.04276	0	0	0	594.633	0	0	3
60	573	0	0.349238859	101130.59	100990.268	97167.8467	101131.777	3822.4211	0	0	0	595.81	0	0	3
61	582	0	0.355059507	101130.604	100992.568	97167.8467	101131.777	3824.7217	0	0	0	594.595	0	0	3
62	592	0	0.360880155	101130.786	100994.798	97167.8467	101131.777	3826.95102	0	0	0	595.727	0	0	3
63	602	0	0.366700802	101130.958	100996.959	97167.8467	101131.777	3829.11229	0	0	0	594.245	0	0	3
64	611	0	0.37252145	101131.232	100999.057	97167.8467	101131.777	3831.21031	0	0	0	595.147	0	0	3
65	621	0	0.378342098	101131.373	101001.093	97167.8467	101131.777	3833.24594	0	0	0	593.757	0	0	3
66	631	0	0.384162745	101131.447	101003.068	97167.8467	101131.777	3835.22101	0	0	0	594.628	0	0	3
67	640	0	0.389983393	101131.345	101004.982	97167.8467	101131.777	3837.13559	0	0	0	593.647	0	0	3
68	650	0	0.395804041	101131.179	101006.838	97167.8467	101131.777	3838.99143	0	0	0	594.711	0	0	3
69	659	0	0.401624688	101130.904	101008.636	97167.8467	101131.777	3840.78949	0	0	0	594.162	0	0	3
70	669	0	0.407445336	101130.651	101010.379	97167.8467	101131.777	3842.53257	0	0	0	595.329	0	0	3
71	678	0	0.413265983	101130.386	101012.07	97167.8467	101131.777	3844.2228	0	0	0	594.885	0	0	3
72	688	0	0.419086631	101130.224	101013.711	97167.8467	101131.777	3845.86383	0	0	0	596.009	0	0	3
73	698	0	0.424907279	101130.103	101015.305	97167.8467	101131.777	3847.45825	0	0	0	595.315	0	0	3
74	707	0	0.430727926	101130.123	101016.857	97167.8467	101131.777	3849.00984	0	0	0	596.447	0	0	3
75	717	0	0.436548574	101130.143	101018.367	97167.8467	101131.777	3850.52033	0	0	0	595.349	0	0	3
76	726	0	0.442369222	101130.286	101019.84	97167.8467	101131.777	3851.99294	0	0	0	596.407	0	0	3
77	734	0	0.448189869	101130.405	101021.276	97167.8467	101131.777	3853.42885	0	0	0	595.122	0	0	3
78	743	0	0.454010517	101130.582	101022.677	97167.8467	101131.777	3854.83021	0	0	0	596.027	0	0	3
79	751	0	0.459831165	101130.751	101024.045	97167.8467	101131.777	3856.19823	0	0	0	594.85	0	0	3
80	760	0	0.465651812	101130.947	101025.381	97167.8467	101131.777	3857.53451	0	0	0	595.533	0	0	3
81	768	0	0.47147246	101131.081	101026.686	97167.8467	101131.777	3858.83945	0	0	0	594.383	0	0	3
82	777	0	0.477293108	101131.183	101027.961	97167.8467	101131.777	3860.1138	0	0	0	595.105	0	0	3
83	785	0	0.483113755	101131.153	101029.204	97167.8467	101131.777	3861.35707	0	0	0	594.195	0	0	3
84	795	0	0.488934403	101131.06	101030.416	97167.8467	101131.777	3862.56965	0	0	0	595.138	0	0	3
85	804	0	0.494755051	101130.839	101031.598	97167.8467	101131.777	3863.75109	0	0	0	594.481	0	0	3
86	813	0	0.500575698	101130.596	101032.749	97167.8467	101131.777	3864.90224	0	0	0	595.615	0	0	3
87	821	0	0.506396346	101130.311	101078.824	100346.853	101131.777	784.924388	0	0	0	595.123	0	0	3
88	830	0	0.512216994	101130.082	101087.931	100470.539	101131.777	661.238603	0	0	0	596.237	0	0	3
89	839	0	0.518037641	101129.89	101095.598	100584.017	101131.777	547.760476	0	0	0	595.701	0	0	3
90	847	0	0.523858289	101129.793	101101.945	100688.059	101131.777	443.718159	0	0	0	596.713	0	0	3
91	855	0	0.529678937	101129.74	101107.08	100773.758	101131.777	358.019434	0	0	0	595.998	0	0	3
92	864	0	0.535499584	101129.794	101111.22	100838.963	101131.777	292.814193	0	0	0	596.877	0	0	3
93	873	0	0.541320232	101129.889	101114.603	100944.18	101131.777	187.597674	0	0	0	596.01	0	0	3
94	881	0	0.54714088	101130.063	101116.765	101002.535	101131.777	129.241731	0	0	0	596.713	0	0	3
95	890	0	0.552961527	101130.26	101117.926	101002.535	101131.777	129.241731	0	0	0	595.667	0	0	3
