Iteration	CPUTime	PhysTime	Travels	Value	AvValue	MinValue	MaxValue	Delta	Criteria	Progress	dGMaxMin	CriteriaType	CriteriaVarType	CriteriaPercentage
1	23	0	0.00582064765	105532.415	105532.415	105532.415	105532.415	0	0	0	0	8364.57	0	0	3
2	32	0	0.0116412953	102378.403	103955.409	102378.403	105532.415	1577.00625	0	0	0	2031.55	0	0	3
3	42	0	0.017461943	102052.609	103321.143	102052.609	105532.415	2211.27287	0	0	0	1582.07	0	0	3
4	51	0	0.0232825906	101896.81	102965.059	101896.81	105532.415	2567.35612	0	0	0	1312.79	0	0	3
5	59	0	0.0291032383	101847.56	102741.56	101847.56	105532.415	2790.85595	0	0	0	1159.5	0	0	3
6	68	0	0.0349238859	101839.598	102591.233	101839.598	105532.415	2941.18294	0	0	0	1065.84	0	0	3
7	76	0	0.0407445336	101815.369	102480.395	101815.369	105532.415	3052.0206	0	0	0	976.406	0	0	3
8	84	0	0.0465651812	101788.142	102393.863	101788.142	105532.415	3138.55223	0	0	0	843.962	0	0	3
9	93	0	0.0523858289	101770.633	102324.615	101770.633	105532.415	3207.80002	0	0	0	740.21	0	0	3
10	101	0	0.0582064765	101772.382	102269.392	101770.633	105532.415	3263.02341	0	0	0	758.928	0	0	3
11	109	0	0.0640271242	101773.405	102224.302	101770.633	105532.415	3308.11314	0	0	0	770.87	0	0	3
12	117	0	0.0698477719	101772.997	102186.694	101770.633	105532.415	3345.72191	0	0	0	759.99	0	0	3
13	125	0	0.0756684195	101772.417	102154.826	101770.633	105532.415	3377.58937	0	0	0	735.153	0	0	3
14	133	0	0.0814890672	101771.059	102127.414	101770.633	105532.415	3405.00133	0	0	0	711.373	0	0	3
15	142	0	0.0873097148	101770.829	102103.642	101770.633	105532.415	3428.77368	0	0	0	701.614	0	0	3
16	150	0	0.0931303625	101769.15	102082.736	101769.15	105532.415	3449.67944	0	0	0	696.023	0	0	3
17	158	0	0.0989510101	101766.873	102064.156	101766.873	105532.415	3468.25964	0	0	0	690.293	0	0	3
18	166	0	0.104771658	101764.507	102047.509	101764.507	105532.415	3484.90678	0	0	0	684.583	0	0	3
19	174	0	0.110592305	101763.338	102032.552	101763.338	105532.415	3499.86313	0	0	0	679.06	0	0	3
20	182	0	0.116412953	101762.036	102019.027	101762.036	105532.415	3513.38894	0	0	0	674.571	0	0	3
21	190	0	0.122233601	101759.751	102006.68	101759.751	105532.415	3525.73537	0	0	0	669.287	0	0	3
22	198	0	0.128054248	101756.489	101995.308	101756.489	105532.415	3537.10771	0	0	0	661.941	0	0	3
23	207	0	0.133874896	101752.15	101984.736	101752.15	105532.415	3547.67978	0	0	0	653.231	0	0	3
24	215	0	0.139695544	101748.048	101974.874	101748.048	105532.415	3557.54178	0	0	0	642.591	0	0	3
25	223	0	0.145516191	101741.72	101965.548	101741.72	105532.415	3566.86793	0	0	0	630.817	0	0	3
26	231	0	0.151336839	101738.591	101956.818	101738.591	105532.415	3575.59704	0	0	0	625.537	0	0	3
27	239	0	0.157157487	101739.497	101948.77	101738.591	105532.415	3583.64598	0	0	0	626.337	0	0	3
28	248	0	0.162978134	101739.438	101941.293	101738.591	105532.415	3591.12209	0	0	0	623.976	0	0	3
29	258	0	0.168798782	101736.667	101934.237	101736.667	105532.415	3598.17816	0	0	0	619.222	0	0	3
30	268	0	0.17461943	101733.343	101927.541	101733.343	105532.415	3604.87462	0	0	0	611.924	0	0	3
31	278	0	0.180440077	101731.058	101921.203	101731.058	105532.415	3611.21276	0	0	0	607.794	0	0	3
32	288	0	0.186260725	101729.119	101915.2	101729.119	105532.415	3617.21539	0	0	0	605.322	0	0	3
33	300	0	0.192081373	101728.156	101909.532	101728.156	105532.415	3622.8834	0	0	0	604.565	0	0	3
34	310	0	0.19790202	101728.219	101904.199	101728.156	105532.415	3628.21612	0	0	0	602.097	0	0	3
35	320	0	0.203722668	101727.433	101899.149	101727.433	105532.415	3633.26658	0	0	0	599.664	0	0	3
36	330	0	0.209543316	101727.35	101894.377	101727.35	105532.415	3638.03877	0	0	0	599.638	0	0	3
37	340	0	0.215363963	101727.422	101889.864	101727.35	105532.415	3642.55107	0	0	0	600.516	0	0	3
38	349	0	0.221184611	101727.215	101885.584	101727.215	105532.415	3646.83131	0	0	0	598.808	0	0	3
39	359	0	0.227005259	101726.77	101881.512	101726.77	105532.415	3650.90348	0	0	0	597.274	0	0	3
40	368	0	0.232825906	101726.262	101877.631	101726.262	105532.415	3654.78473	0	0	0	595.612	0	0	3
41	378	0	0.238646554	101726.133	101873.936	101726.133	105532.415	3658.47979	0	0	0	595.163	0	0	3
42	386	0	0.244467201	101725.613	101870.404	101725.613	105532.415	3662.01129	0	0	0	594.422	0	0	3
43	395	0	0.250287849	101725.367	101867.031	101725.367	105532.415	3665.38425	0	0	0	594.028	0	0	3
44	406	0	0.256108497	101725.551	101863.816	101725.367	105532.415	3668.59972	0	0	0	594.136	0	0	3
45	416	0	0.261929144	101725.371	101860.739	101725.367	105532.415	3671.67626	0	0	0	593.954	0	0	3
46	428	0	0.267749792	101726.017	101857.81	101725.367	105532.415	3674.60501	0	0	0	594.53	0	0	3
47	439	0	0.27357044	101725.432	101854.994	101725.367	105532.415	3677.42156	0	0	0	593.908	0	0	3
48	451	0	0.279391087	101726.23	101852.311	101725.367	105532.415	3680.10416	0	0	0	594.589	0	0	3
49	462	0	0.285211735	101724.942	101849.712	101724.942	105532.415	3682.70353	0	0	0	593.294	0	0	3
50	472	0	0.291032383	101726.022	101847.238	101724.942	105532.415	3685.17733	0	0	0	594.288	0	0	3
51	482	0	0.29685303	101724.782	101844.837	101724.782	105532.415	3687.57842	0	0	0	593.042	0	0	3
52	493	0	0.302673678	101725.835	101842.549	101724.782	105532.415	3689.86693	0	0	0	594.058	0	0	3
53	503	0	0.308494326	101724.76	101840.326	101724.76	105532.415	3692.08935	0	0	0	593.063	0	0	3
54	513	0	0.314314973	101725.516	101838.2	101724.76	105532.415	3694.21546	0	0	0	593.944	0	0	3
55	522	0	0.320135621	101724.771	101836.138	101724.76	105532.415	3696.27781	0	0	0	593.419	0	0	3
56	532	0	0.325956269	101725.557	101834.163	101724.76	105532.415	3698.25247	0	0	0	594.444	0	0	3
57	542	0	0.331776916	101725.107	101832.25	101724.76	105532.415	3700.16574	0	0	0	594.221	0	0	3
58	554	0	0.337597564	101725.811	101830.415	101724.76	105532.415	3702.00089	0	0	0	595.1	0	0	3
59	564	0	0.343418212	101725.184	101828.631	101724.76	105532.415	3703.78447	0	0	0	594.633	0	0	3
60	573	0	0.349238859	101726.4	101826.927	101724.76	105532.415	3705.48832	0	0	0	595.81	0	0	3
61	582	0	0.355059507	101725.199	101825.259	101724.76	105532.415	3707.15599	0	0	0	594.595	0	0	3
62	592	0	0.360880155	101726.513	101823.667	101724.76	105532.415	3708.74868	0	0	0	595.727	0	0	3
63	602	0	0.366700802	101725.203	101822.104	101724.76	105532.415	3710.3116	0	0	0	594.245	0	0	3
64	611	0	0.37252145	101726.379	101820.608	101724.76	105532.415	3711.80729	0	0	0	595.147	0	0	3
65	621	0	0.378342098	101725.13	101819.139	101724.76	105532.415	3713.27619	0	0	0	593.757	0	0	3
66	631	0	0.384162745	101726.075	101817.729	101724.76	105532.415	3714.68625	0	0	0	594.628	0	0	3
67	640	0	0.389983393	101724.992	101816.345	101724.76	105532.415	3716.07039	0	0	0	593.647	0	0	3
68	650	0	0.395804041	101725.891	101815.015	101724.76	105532.415	3717.4006	0	0	0	594.711	0	0	3
69	659	0	0.401624688	101725.066	101813.711	101724.76	105532.415	3718.7042	0	0	0	594.162	0	0	3
70	669	0	0.407445336	101725.98	101812.458	101724.76	105532.415	3719.95751	0	0	0	595.329	0	0	3
71	678	0	0.413265983	101725.271	101811.23	101724.76	105532.415	3721.18549	0	0	0	594.885	0	0	3
72	688	0	0.419086631	101726.233	101810.049	101724.76	105532.415	3722.36601	0	0	0	596.009	0	0	3
73	698	0	0.424907279	101725.418	101808.89	101724.76	105532.415	3723.52534	0	0	0	595.315	0	0	3
74	707	0	0.430727926	101726.57	101807.778	101724.76	105532.415	3724.63777	0	0	0	596.447	0	0	3
75	717	0	0.436548574	101725.492	101806.681	101724.76	105532.415	3725.73492	0	0	0	595.349	0	0	3
76	726	0	0.442369222	101726.692	101805.628	101724.76	105532.415	3726.78739	0	0	0	596.407	0	0	3
77	734	0	0.448189869	101725.527	101804.588	101724.76	105532.415	3727.82767	0	0	0	595.122	0	0	3
78	743	0	0.454010517	101726.608	101803.588	101724.76	105532.415	3728.8274	0	0	0	596.027	0	0	3
79	751	0	0.459831165	101725.601	101802.601	101724.76	105532.415	3729.81458	0	0	0	594.85	0	0	3
80	760	0	0.465651812	101726.48	101801.649	101724.76	105532.415	3730.76608	0	0	0	595.533	0	0	3
81	768	0	0.47147246	101725.464	101800.709	101724.76	105532.415	3731.70664	0	0	0	594.383	0	0	3
82	777	0	0.477293108	101726.288	101799.801	101724.76	105532.415	3732.61421	0	0	0	595.105	0	0	3
83	785	0	0.483113755	101725.347	101798.904	101724.76	105532.415	3733.51125	0	0	0	594.195	0	0	3
84	795	0	0.488934403	101726.198	101798.039	101724.76	105532.415	3734.3768	0	0	0	595.138	0	0	3
85	804	0	0.494755051	101725.32	101797.183	101724.76	105532.415	3735.23232	0	0	0	594.481	0	0	3
86	813	0	0.500575698	101726.212	101796.358	101724.76	105532.415	3736.05756	0	0	0	595.615	0	0	3
87	821	0	0.506396346	101725.435	101752.091	101724.76	102378.403	653.643107	0	0	0	595.123	0	0	3
88	830	0	0.512216994	101726.319	101744.508	101724.76	102052.609	327.849485	0	0	0	596.237	0	0	3
89	839	0	0.518037641	101725.591	101740.706	101724.76	101896.81	172.04974	0	0	0	595.701	0	0	3
90	847	0	0.523858289	101726.506	101738.726	101724.76	101847.56	122.800325	0	0	0	596.713	0	0	3
91	855	0	0.529678937	101725.738	101737.309	101724.76	101839.598	114.837714	0	0	0	595.998	0	0	3
92	864	0	0.535499584	101726.67	101735.996	101724.76	101815.369	90.6090448	0	0	0	596.877	0	0	3
93	873	0	0.541320232	101725.899	101734.956	101724.76	101788.142	63.3819279	0	0	0	596.01	0	0	3
94	881	0	0.54714088	101726.775	101734.242	101724.76	101773.405	48.6451665	0	0	0	596.713	0	0	3
95	890	0	0.552961527	101725.927	101733.722	101724.76	101773.405	48.6451665	0	0	0	595.667	0	0	3
