Iteration	CPUTime	PhysTime	Travels	Value	AvValue	MinValue	MaxValue	Delta	Criteria	Progress	dGMaxMin	CriteriaType	CriteriaVarType	CriteriaPercentage
1	23	0	0.00582064765	24.1539022	24.1539022	24.1539022	24.1539022	0	0	0	0	24.1539	0	0	3
2	32	0	0.0116412953	23.6294439	23.891673	23.6294439	24.1539022	0.262229143	0	0	0	23.6294	0	0	3
3	42	0	0.017461943	24.0191297	23.9341586	23.6294439	24.1539022	0.262229143	0	0	0	24.0191	0	0	3
4	51	0	0.0232825906	23.6887097	23.8727964	23.6294439	24.1539022	0.281105792	0	0	0	23.6887	0	0	3
5	59	0	0.0291032383	23.7881471	23.8558665	23.6294439	24.1539022	0.298035639	0	0	0	23.7881	0	0	3
6	68	0	0.0349238859	23.6231312	23.8170773	23.6231312	24.1539022	0.336824856	0	0	0	23.6231	0	0	3
7	76	0	0.0407445336	23.6416087	23.7920104	23.6231312	24.1539022	0.361891799	0	0	0	23.6416	0	0	3
8	84	0	0.0465651812	23.8709569	23.8018787	23.6231312	24.1539022	0.361891799	0	0	0	23.871	0	0	3
9	93	0	0.0523858289	23.5765775	23.7768452	23.5765775	24.1539022	0.377056948	0	0	0	23.5766	0	0	3
10	101	0	0.0582064765	23.1290205	23.7120627	23.1290205	24.1539022	0.441839422	0	0	0	23.129	0	0	3
11	109	0	0.0640271242	23.1867151	23.6643039	23.1290205	24.1539022	0.489598299	0	0	0	23.1867	0	0	3
12	117	0	0.0698477719	23.2588197	23.6305135	23.1290205	24.1539022	0.523388643	0	0	0	23.2588	0	0	3
13	125	0	0.0756684195	23.3085337	23.6057458	23.1290205	24.1539022	0.548156318	0	0	0	23.3085	0	0	3
14	133	0	0.0814890672	23.5722012	23.6033498	23.1290205	24.1539022	0.550552366	0	0	0	23.5722	0	0	3
15	142	0	0.0873097148	23.5628505	23.6006498	23.1290205	24.1539022	0.55325232	0	0	0	23.5629	0	0	3
16	150	0	0.0931303625	23.4019578	23.5882316	23.1290205	24.1539022	0.565670574	0	0	0	23.402	0	0	3
17	158	0	0.0989510101	23.206676	23.5657871	23.1290205	24.1539022	0.588115019	0	0	0	23.2067	0	0	3
18	166	0	0.104771658	23.0652709	23.5379807	23.0652709	24.1539022	0.615921474	0	0	0	23.0653	0	0	3
19	174	0	0.110592305	23.081547	23.5139579	23.0652709	24.1539022	0.639944298	0	0	0	23.0815	0	0	3
20	182	0	0.116412953	23.1003119	23.4932756	23.0652709	24.1539022	0.660626598	0	0	0	23.1003	0	0	3
21	190	0	0.122233601	23.1295462	23.4759551	23.0652709	24.1539022	0.677947042	0	0	0	23.1295	0	0	3
22	198	0	0.128054248	23.1606787	23.4616244	23.0652709	24.1539022	0.692277787	0	0	0	23.1607	0	0	3
23	207	0	0.133874896	23.1961461	23.4500818	23.0652709	24.1539022	0.703820321	0	0	0	23.1961	0	0	3
24	215	0	0.139695544	23.2370033	23.4412036	23.0652709	24.1539022	0.712698591	0	0	0	23.237	0	0	3
25	223	0	0.145516191	23.2763546	23.4346096	23.0652709	24.1539022	0.719292551	0	0	0	23.2764	0	0	3
26	231	0	0.151336839	23.3482897	23.4312896	23.0652709	24.1539022	0.722612547	0	0	0	23.3483	0	0	3
27	239	0	0.157157487	23.4306619	23.4312664	23.0652709	24.1539022	0.722635797	0	0	0	23.4307	0	0	3
28	248	0	0.162978134	23.5100823	23.4340812	23.0652709	24.1539022	0.722635797	0	0	0	23.5101	0	0	3
29	258	0	0.168798782	23.5896051	23.4394441	23.0652709	24.1539022	0.722635797	0	0	0	23.5896	0	0	3
30	268	0	0.17461943	23.6672273	23.4470369	23.0652709	24.1539022	0.722635797	0	0	0	23.6672	0	0	3
31	278	0	0.180440077	23.7699858	23.4574546	23.0652709	24.1539022	0.722635797	0	0	0	23.77	0	0	3
32	288	0	0.186260725	23.8610376	23.4700665	23.0652709	24.1539022	0.722635797	0	0	0	23.861	0	0	3
33	300	0	0.192081373	23.9248662	23.4838484	23.0652709	24.1539022	0.722635797	0	0	0	23.9249	0	0	3
34	310	0	0.19790202	23.9757737	23.4983167	23.0652709	24.1539022	0.722635797	0	0	0	23.9758	0	0	3
35	320	0	0.203722668	24.0182009	23.5131706	23.0652709	24.1539022	0.722635797	0	0	0	24.0182	0	0	3
36	330	0	0.209543316	24.087858	23.5291341	23.0652709	24.1539022	0.722635797	0	0	0	24.0879	0	0	3
37	340	0	0.215363963	24.161486	23.5462247	23.0652709	24.161486	0.722635797	0	0	0	24.1615	0	0	3
38	349	0	0.221184611	24.221746	23.5640016	23.0652709	24.221746	0.722635797	0	0	0	24.2217	0	0	3
39	359	0	0.227005259	24.2797642	23.5823545	23.0652709	24.2797642	0.722635797	0	0	0	24.2798	0	0	3
40	368	0	0.232825906	24.283059	23.5998721	23.0652709	24.283059	0.722635797	0	0	0	24.2831	0	0	3
41	378	0	0.238646554	24.3273302	23.617615	23.0652709	24.3273302	0.722635797	0	0	0	24.3273	0	0	3
42	386	0	0.244467201	24.3801333	23.6357702	23.0652709	24.3801333	0.722635797	0	0	0	24.3801	0	0	3
43	395	0	0.250287849	24.4286808	23.6542099	23.0652709	24.4286808	0.722635797	0	0	0	24.4287	0	0	3
44	406	0	0.256108497	24.4649559	23.672636	23.0652709	24.4649559	0.722635797	0	0	0	24.465	0	0	3
45	416	0	0.261929144	24.4900359	23.6908004	23.0652709	24.4900359	0.722635797	0	0	0	24.49	0	0	3
46	428	0	0.267749792	24.4876806	23.7081239	23.0652709	24.4900359	0.722635797	0	0	0	24.4877	0	0	3
47	439	0	0.27357044	24.4433042	23.723766	23.0652709	24.4900359	0.722635797	0	0	0	24.4433	0	0	3
48	451	0	0.279391087	24.380754	23.7374533	23.0652709	24.4900359	0.722635797	0	0	0	24.3808	0	0	3
49	462	0	0.285211735	24.3419059	23.7497891	23.0652709	24.4900359	0.722635797	0	0	0	24.3419	0	0	3
50	472	0	0.291032383	24.3393437	23.7615802	23.0652709	24.4900359	0.722635797	0	0	0	24.3393	0	0	3
51	482	0	0.29685303	24.3401989	23.7729256	23.0652709	24.4900359	0.722635797	0	0	0	24.3402	0	0	3
52	493	0	0.302673678	24.3379941	23.7837923	23.0652709	24.4900359	0.722635797	0	0	0	24.338	0	0	3
53	503	0	0.308494326	24.3349	23.7941906	23.0652709	24.4900359	0.722635797	0	0	0	24.3349	0	0	3
54	513	0	0.314314973	24.3539899	23.8045572	23.0652709	24.4900359	0.722635797	0	0	0	24.354	0	0	3
55	522	0	0.320135621	24.3572287	23.8146058	23.0652709	24.4900359	0.722635797	0	0	0	24.3572	0	0	3
56	532	0	0.325956269	24.3914729	23.824907	23.0652709	24.4900359	0.722635797	0	0	0	24.3915	0	0	3
57	542	0	0.331776916	24.4242798	23.8354223	23.0652709	24.4900359	0.722635797	0	0	0	24.4243	0	0	3
58	554	0	0.337597564	24.4232088	23.8455566	23.0652709	24.4900359	0.722635797	0	0	0	24.4232	0	0	3
59	564	0	0.343418212	24.4228556	23.8553413	23.0652709	24.4900359	0.722635797	0	0	0	24.4229	0	0	3
60	573	0	0.349238859	24.4038679	23.8644834	23.0652709	24.4900359	0.722635797	0	0	0	24.4039	0	0	3
61	582	0	0.355059507	24.3883911	23.8730721	23.0652709	24.4900359	0.722635797	0	0	0	24.3884	0	0	3
62	592	0	0.360880155	24.3716625	23.8811138	23.0652709	24.4900359	0.722635797	0	0	0	24.3717	0	0	3
63	602	0	0.366700802	24.3555081	23.8886439	23.0652709	24.4900359	0.722635797	0	0	0	24.3555	0	0	3
64	611	0	0.37252145	24.3525857	23.895893	23.0652709	24.4900359	0.722635797	0	0	0	24.3526	0	0	3
65	621	0	0.378342098	24.3506977	23.90289	23.0652709	24.4900359	0.722635797	0	0	0	24.3507	0	0	3
66	631	0	0.384162745	24.3551268	23.9097421	23.0652709	24.4900359	0.722635797	0	0	0	24.3551	0	0	3
67	640	0	0.389983393	24.3523183	23.9163477	23.0652709	24.4900359	0.722635797	0	0	0	24.3523	0	0	3
68	650	0	0.395804041	24.3566842	23.9228232	23.0652709	24.4900359	0.722635797	0	0	0	24.3567	0	0	3
69	659	0	0.401624688	24.3483064	23.9289896	23.0652709	24.4900359	0.722635797	0	0	0	24.3483	0	0	3
70	669	0	0.407445336	24.3337765	23.9347723	23.0652709	24.4900359	0.722635797	0	0	0	24.3338	0	0	3
71	678	0	0.413265983	24.3416235	23.9405026	23.0652709	24.4900359	0.722635797	0	0	0	24.3416	0	0	3
72	688	0	0.419086631	24.3429257	23.9460918	23.0652709	24.4900359	0.722635797	0	0	0	24.3429	0	0	3
73	698	0	0.424907279	24.3447604	23.951553	23.0652709	24.4900359	0.722635797	0	0	0	24.3448	0	0	3
74	707	0	0.430727926	24.3469233	23.9568959	23.0652709	24.4900359	0.722635797	0	0	0	24.3469	0	0	3
75	717	0	0.436548574	24.3448023	23.962068	23.0652709	24.4900359	0.722635797	0	0	0	24.3448	0	0	3
76	726	0	0.442369222	24.3326239	23.9669437	23.0652709	24.4900359	0.722635797	0	0	0	24.3326	0	0	3
77	734	0	0.448189869	24.3214565	23.9715478	23.0652709	24.4900359	0.722635797	0	0	0	24.3215	0	0	3
78	743	0	0.454010517	24.3264121	23.9760973	23.0652709	24.4900359	0.722635797	0	0	0	24.3264	0	0	3
79	751	0	0.459831165	24.3174956	23.9804188	23.0652709	24.4900359	0.722635797	0	0	0	24.3175	0	0	3
80	760	0	0.465651812	24.3182076	23.9846412	23.0652709	24.4900359	0.722635797	0	0	0	24.3182	0	0	3
81	768	0	0.47147246	24.3289879	23.9888924	23.0652709	24.4900359	0.722635797	0	0	0	24.329	0	0	3
82	777	0	0.477293108	24.3345542	23.9931077	23.0652709	24.4900359	0.722635797	0	0	0	24.3346	0	0	3
83	785	0	0.483113755	24.330236	23.9971695	23.0652709	24.4900359	0.722635797	0	0	0	24.3302	0	0	3
84	795	0	0.488934403	24.3391891	24.0012412	23.0652709	24.4900359	0.722635797	0	0	0	24.3392	0	0	3
85	804	0	0.494755051	24.3277494	24.0050825	23.0652709	24.4900359	0.722635797	0	0	0	24.3277	0	0	3
86	813	0	0.500575698	24.3211942	24.0087582	23.0652709	24.4900359	0.722635797	0	0	0	24.3212	0	0	3
87	821	0	0.506396346	24.3126774	24.0106044	23.0652709	24.4900359	0.579338049	0	0	0	24.3127	0	0	3
88	830	0	0.512216994	24.324983	24.0186921	23.0652709	24.4900359	0.587425712	0	0	0	24.325	0	0	3
89	839	0	0.518037641	24.339539	24.0224178	23.0652709	24.4900359	0.591151402	0	0	0	24.3395	0	0	3
90	847	0	0.523858289	24.338965	24.0299789	23.0652709	24.4900359	0.59871251	0	0	0	24.339	0	0	3
91	855	0	0.529678937	24.340652	24.0364033	23.0652709	24.4900359	0.605136986	0	0	0	24.3407	0	0	3
92	864	0	0.535499584	24.3365108	24.0446985	23.0652709	24.4900359	0.613432097	0	0	0	24.3365	0	0	3
93	873	0	0.541320232	24.3223038	24.0526135	23.0652709	24.4900359	0.621347157	0	0	0	24.3223	0	0	3
94	881	0	0.54714088	24.3143882	24.0577697	23.0652709	24.4900359	0.626503335	0	0	0	24.3144	0	0	3
95	890	0	0.552961527	24.3242103	24.0664631	23.0652709	24.4900359	0.63519674	0	0	0	24.3242	0	0	3
