Iteration	CPUTime	PhysTime	Travels	Value	AvValue	MinValue	MaxValue	Delta	Criteria	Progress	dGMaxMin	CriteriaType	CriteriaVarType	CriteriaPercentage
1	23	0	0.00582064765	101356.534	101356.534	101356.534	101356.534	0	0	0	0	8160.08	0	0	3
2	32	0	0.0116412953	101327.671	101342.103	101327.671	101356.534	14.4315169	0	0	0	1894.24	0	0	3
3	42	0	0.017461943	101325.329	101336.511	101325.329	101356.534	20.0226004	0	0	0	1425.6	0	0	3
4	51	0	0.0232825906	101325.33	101333.716	101325.329	101356.534	22.8178743	0	0	0	1148.53	0	0	3
5	59	0	0.0291032383	101325.278	101332.029	101325.278	101356.534	24.5055037	0	0	0	995.547	0	0	3
6	68	0	0.0349238859	101325.364	101330.918	101325.278	101356.534	25.6161953	0	0	0	906.94	0	0	3
7	76	0	0.0407445336	101325.353	101330.123	101325.278	101356.534	26.41114	0	0	0	825.154	0	0	3
8	84	0	0.0465651812	101325.386	101329.531	101325.278	101356.534	27.0032094	0	0	0	695.32	0	0	3
9	93	0	0.0523858289	101325.371	101329.069	101325.278	101356.534	27.4654066	0	0	0	596.208	0	0	3
10	101	0	0.0582064765	101325.362	101328.698	101325.278	101356.534	27.8360753	0	0	0	632.23	0	0	3
11	109	0	0.0640271242	101325.357	101328.394	101325.278	101356.534	28.1397749	0	0	0	656.98	0	0	3
12	117	0	0.0698477719	101325.346	101328.14	101325.278	101356.534	28.393815	0	0	0	651.168	0	0	3
13	125	0	0.0756684195	101325.28	101327.92	101325.278	101356.534	28.613831	0	0	0	627.444	0	0	3
14	133	0	0.0814890672	101325.28	101327.732	101325.278	101356.534	28.8024528	0	0	0	605.204	0	0	3
15	142	0	0.0873097148	101325.219	101327.564	101325.219	101356.534	28.9699932	0	0	0	595.153	0	0	3
16	150	0	0.0931303625	101325.222	101327.418	101325.219	101356.534	29.1164013	0	0	0	591.864	0	0	3
17	158	0	0.0989510101	101325.15	101327.284	101325.15	101356.534	29.2497736	0	0	0	588.57	0	0	3
18	166	0	0.104771658	101325.142	101327.165	101325.142	101356.534	29.3687981	0	0	0	586.076	0	0	3
19	174	0	0.110592305	101325.12	101327.058	101325.12	101356.534	29.4764342	0	0	0	581.148	0	0	3
20	182	0	0.116412953	101325.097	101326.96	101325.097	101356.534	29.5744515	0	0	0	576.402	0	0	3
21	190	0	0.122233601	101325.042	101326.868	101325.042	101356.534	29.665757	0	0	0	572.191	0	0	3
22	198	0	0.128054248	101325.038	101326.785	101325.038	101356.534	29.7489629	0	0	0	567.243	0	0	3
23	207	0	0.133874896	101324.928	101326.704	101324.928	101356.534	29.8297021	0	0	0	561.749	0	0	3
24	215	0	0.139695544	101324.874	101326.628	101324.874	101356.534	29.9059775	0	0	0	553.704	0	0	3
25	223	0	0.145516191	101324.836	101326.556	101324.836	101356.534	29.9776513	0	0	0	546.531	0	0	3
26	231	0	0.151336839	101324.815	101326.489	101324.815	101356.534	30.044631	0	0	0	543.175	0	0	3
27	239	0	0.157157487	101324.788	101326.426	101324.788	101356.534	30.1076418	0	0	0	542.153	0	0	3
28	248	0	0.162978134	101324.765	101326.367	101324.765	101356.534	30.1669828	0	0	0	538.835	0	0	3
29	258	0	0.168798782	101324.749	101326.311	101324.749	101356.534	30.222784	0	0	0	535.889	0	0	3
30	268	0	0.17461943	101324.712	101326.258	101324.712	101356.534	30.2760987	0	0	0	530.356	0	0	3
31	278	0	0.180440077	101324.678	101326.207	101324.678	101356.534	30.3270716	0	0	0	527.626	0	0	3
32	288	0	0.186260725	101324.651	101326.158	101324.651	101356.534	30.3756847	0	0	0	526.484	0	0	3
33	300	0	0.192081373	101324.616	101326.112	101324.616	101356.534	30.4224355	0	0	0	525.669	0	0	3
34	310	0	0.19790202	101324.592	101326.067	101324.592	101356.534	30.4671203	0	0	0	522.442	0	0	3
35	320	0	0.203722668	101324.563	101326.024	101324.563	101356.534	30.5100824	0	0	0	520.133	0	0	3
36	330	0	0.209543316	101324.508	101325.982	101324.508	101356.534	30.5522056	0	0	0	519.676	0	0	3
37	340	0	0.215363963	101324.442	101325.94	101324.442	101356.534	30.5938136	0	0	0	519.967	0	0	3
38	349	0	0.221184611	101324.411	101325.9	101324.411	101356.534	30.6340475	0	0	0	518.285	0	0	3
39	359	0	0.227005259	101324.383	101325.861	101324.383	101356.534	30.6729555	0	0	0	516.703	0	0	3
40	368	0	0.232825906	101324.364	101325.824	101324.364	101356.534	30.7103891	0	0	0	515.336	0	0	3
41	378	0	0.238646554	101324.306	101325.787	101324.306	101356.534	30.7473968	0	0	0	514.647	0	0	3
42	386	0	0.244467201	101324.241	101325.75	101324.241	101356.534	30.7842063	0	0	0	514.427	0	0	3
43	395	0	0.250287849	101324.195	101325.714	101324.195	101356.534	30.8203662	0	0	0	514.124	0	0	3
44	406	0	0.256108497	101324.152	101325.678	101324.152	101356.534	30.8558622	0	0	0	514.082	0	0	3
45	416	0	0.261929144	101324.123	101325.644	101324.123	101356.534	30.8904249	0	0	0	514.097	0	0	3
46	428	0	0.267749792	101324.11	101325.61	101324.11	101356.534	30.9237648	0	0	0	514.106	0	0	3
47	439	0	0.27357044	101324.136	101325.579	101324.11	101356.534	30.9551276	0	0	0	514.222	0	0	3
48	451	0	0.279391087	101324.184	101325.55	101324.11	101356.534	30.9841966	0	0	0	514.386	0	0	3
49	462	0	0.285211735	101324.219	101325.523	101324.11	101356.534	31.011357	0	0	0	514.489	0	0	3
50	472	0	0.291032383	101324.24	101325.497	101324.11	101356.534	31.0370136	0	0	0	514.708	0	0	3
51	482	0	0.29685303	101324.235	101325.472	101324.11	101356.534	31.0617634	0	0	0	514.983	0	0	3
52	493	0	0.302673678	101324.201	101325.448	101324.11	101356.534	31.0862069	0	0	0	515.202	0	0	3
53	503	0	0.308494326	101324.164	101325.424	101324.11	101356.534	31.1104267	0	0	0	515.456	0	0	3
54	513	0	0.314314973	101324.133	101325.4	101324.11	101356.534	31.1343273	0	0	0	515.585	0	0	3
55	522	0	0.320135621	101324.127	101325.377	101324.11	101356.534	31.1574614	0	0	0	516.108	0	0	3
56	532	0	0.325956269	101324.14	101325.355	101324.11	101356.534	31.1795356	0	0	0	516.295	0	0	3
57	542	0	0.331776916	101324.17	101325.334	101324.11	101356.534	31.2003162	0	0	0	516.633	0	0	3
58	554	0	0.337597564	101324.214	101325.314	101324.11	101356.534	31.2196219	0	0	0	516.612	0	0	3
59	564	0	0.343418212	101324.255	101325.296	101324.11	101356.534	31.2375858	0	0	0	516.923	0	0	3
60	573	0	0.349238859	101324.269	101325.279	101324.11	101356.534	31.2547158	0	0	0	516.718	0	0	3
61	582	0	0.355059507	101324.259	101325.263	101324.11	101356.534	31.271437	0	0	0	516.814	0	0	3
62	592	0	0.360880155	101324.24	101325.246	101324.11	101356.534	31.287936	0	0	0	516.642	0	0	3
63	602	0	0.366700802	101324.208	101325.23	101324.11	101356.534	31.3044106	0	0	0	516.553	0	0	3
64	611	0	0.37252145	101324.181	101325.213	101324.11	101356.534	31.3207884	0	0	0	516.391	0	0	3
65	621	0	0.378342098	101324.153	101325.197	101324.11	101356.534	31.3371009	0	0	0	516.43	0	0	3
66	631	0	0.384162745	101324.153	101325.181	101324.11	101356.534	31.3529115	0	0	0	516.496	0	0	3
67	640	0	0.389983393	101324.184	101325.166	101324.11	101356.534	31.3677912	0	0	0	516.797	0	0	3
68	650	0	0.395804041	101324.221	101325.152	101324.11	101356.534	31.3816912	0	0	0	517.106	0	0	3
69	659	0	0.401624688	101324.232	101325.139	101324.11	101356.534	31.3950302	0	0	0	517.431	0	0	3
70	669	0	0.407445336	101324.218	101325.126	101324.11	101356.534	31.4081873	0	0	0	517.773	0	0	3
71	678	0	0.413265983	101324.202	101325.113	101324.11	101356.534	31.4212018	0	0	0	518.02	0	0	3
72	688	0	0.419086631	101324.203	101325.1	101324.11	101356.534	31.4338327	0	0	0	518.263	0	0	3
73	698	0	0.424907279	101324.212	101325.088	101324.11	101356.534	31.4460026	0	0	0	518.299	0	0	3
74	707	0	0.430727926	101324.217	101325.076	101324.11	101356.534	31.4577776	0	0	0	518.356	0	0	3
75	717	0	0.436548574	101324.221	101325.065	101324.11	101356.534	31.4691836	0	0	0	518.324	0	0	3
76	726	0	0.442369222	101324.233	101325.054	101324.11	101356.534	31.4801263	0	0	0	518.189	0	0	3
77	734	0	0.448189869	101324.242	101325.043	101324.11	101356.534	31.4906747	0	0	0	518.086	0	0	3
78	743	0	0.454010517	101324.243	101325.033	101324.11	101356.534	31.500942	0	0	0	517.918	0	0	3
79	751	0	0.459831165	101324.24	101325.023	101324.11	101356.534	31.510982	0	0	0	517.711	0	0	3
80	760	0	0.465651812	101324.233	101325.013	101324.11	101356.534	31.520862	0	0	0	517.588	0	0	3
81	768	0	0.47147246	101324.226	101325.003	101324.11	101356.534	31.5305829	0	0	0	517.376	0	0	3
82	777	0	0.477293108	101324.228	101324.994	101324.11	101356.534	31.5400374	0	0	0	517.297	0	0	3
83	785	0	0.483113755	101324.239	101324.985	101324.11	101356.534	31.5491398	0	0	0	517.373	0	0	3
84	795	0	0.488934403	101324.246	101324.976	101324.11	101356.534	31.5579398	0	0	0	517.489	0	0	3
85	804	0	0.494755051	101324.254	101324.968	101324.11	101356.534	31.5664297	0	0	0	517.868	0	0	3
86	813	0	0.500575698	101324.259	101324.959	101324.11	101356.534	31.5746733	0	0	0	518.058	0	0	3
87	821	0	0.506396346	101324.254	101324.584	101324.11	101327.671	3.56102623	0	0	0	518.327	0	0	3
88	830	0	0.512216994	101324.243	101324.544	101324.11	101325.386	1.27636502	0	0	0	518.555	0	0	3
89	839	0	0.518037641	101324.236	101324.531	101324.11	101325.386	1.27636502	0	0	0	518.711	0	0	3
90	847	0	0.523858289	101324.228	101324.519	101324.11	101325.386	1.27636502	0	0	0	518.813	0	0	3
91	855	0	0.529678937	101324.218	101324.506	101324.11	101325.386	1.27636502	0	0	0	518.817	0	0	3
92	864	0	0.535499584	101324.214	101324.493	101324.11	101325.386	1.27636502	0	0	0	518.699	0	0	3
93	873	0	0.541320232	101324.217	101324.48	101324.11	101325.386	1.27636502	0	0	0	518.631	0	0	3
94	881	0	0.54714088	101324.219	101324.466	101324.11	101325.371	1.26107563	0	0	0	518.408	0	0	3
95	890	0	0.552961527	101324.225	101324.453	101324.11	101325.362	1.25196712	0	0	0	518.245	0	0	3
