Iteration	CPUTime	PhysTime	Travels	Value	AvValue	MinValue	MaxValue	Delta	Criteria	Progress	dGMaxMin	CriteriaType	CriteriaVarType	CriteriaPercentage
1	17	0	0.00634350086	-273.4808	-273.4808	-273.4808	-273.4808	0	0	0	0	0	0	0	3
2	24	0	0.0126870017	-17.7975908	-145.639196	-273.4808	-17.7975908	127.841605	0	0	0	0	0	0	3
3	31	0	0.0190305026	-2.57267836	-97.9503565	-273.4808	-2.57267836	175.530444	0	0	0	0	0	0	3
4	38	0	0.0253740034	-2.95665933	-74.2019322	-273.4808	-2.57267836	199.278868	0	0	0	0	0	0	3
5	44	0	0.0317175043	-3.05390806	-59.9723274	-273.4808	-2.57267836	213.508473	0	0	0	0	0	0	3
6	50	0	0.0380610052	-2.8865463	-50.4580306	-273.4808	-2.57267836	223.02277	0	0	0	0	0	0	3
7	56	0	0.044404506	-2.643571	-43.6273935	-273.4808	-2.57267836	229.853407	0	0	0	0	0	0	3
8	61	0	0.0507480069	-2.614804	-38.5008198	-273.4808	-2.57267836	234.979981	0	0	0	0	0	0	3
9	67	0	0.0570915078	-2.56876179	-34.5083689	-273.4808	-2.56876179	238.972432	0	0	0	0	0	0	3
10	73	0	0.0634350086	-2.57308366	-31.3148404	-273.4808	-2.56876179	242.16596	0	0	0	0	0	0	3
11	79	0	0.0697785095	-2.59499262	-28.7039451	-273.4808	-2.56876179	244.776855	0	0	0	0	0	0	3
12	85	0	0.0761220103	-2.60995777	-26.5294462	-273.4808	-2.56876179	246.951354	0	0	0	0	0	0	3
13	91	0	0.0824655112	-2.60228468	-24.6888953	-273.4808	-2.56876179	248.791905	0	0	0	0	0	0	3
14	97	0	0.0888090121	-2.62811456	-23.1131252	-273.4808	-2.56876179	250.367675	0	0	0	0	0	0	3
15	103	0	0.0951525129	-2.61830941	-21.7468042	-273.4808	-2.56876179	251.733996	0	0	0	0	0	0	3
16	109	0	0.101496014	-2.63136173	-20.552089	-273.4808	-2.56876179	252.928711	0	0	0	0	0	0	3
17	115	0	0.107839515	-2.63510028	-19.4981485	-273.4808	-2.56876179	253.982652	0	0	0	0	0	0	3
18	121	0	0.114183016	-2.65475737	-18.5624046	-273.4808	-2.56876179	254.918396	0	0	0	0	0	0	3
19	127	0	0.120526516	-2.65132216	-17.7249792	-273.4808	-2.56876179	255.755821	0	0	0	0	0	0	3
20	134	0	0.126870017	-2.66934428	-16.9721974	-273.4808	-2.56876179	256.508603	0	0	0	0	0	0	3
21	140	0	0.133213518	-2.66337778	-16.2908251	-273.4808	-2.56876179	257.189975	0	0	0	0	0	0	3
22	146	0	0.139557019	-2.63766491	-15.6702269	-273.4808	-2.56876179	257.810574	0	0	0	0	0	0	3
23	152	0	0.14590052	-2.61939508	-15.1027994	-273.4808	-2.56876179	258.378001	0	0	0	0	0	0	3
24	157	0	0.152244021	-2.59627727	-14.5816943	-273.4808	-2.56876179	258.899106	0	0	0	0	0	0	3
25	163	0	0.158587522	-2.59822129	-14.1023554	-273.4808	-2.56876179	259.378445	0	0	0	0	0	0	3
26	169	0	0.164931022	-2.58282744	-13.6592966	-273.4808	-2.56876179	259.821504	0	0	0	0	0	0	3
27	175	0	0.171274523	-2.5395674	-13.2474548	-273.4808	-2.5395674	260.233346	0	0	0	0	0	0	3
28	181	0	0.177618024	-2.52557881	-12.8645307	-273.4808	-2.52557881	260.61627	0	0	0	0	0	0	3
29	187	0	0.183961525	-2.49295038	-12.50689	-273.4808	-2.49295038	260.973911	0	0	0	0	0	0	3
30	194	0	0.190305026	-2.48651236	-12.1728774	-273.4808	-2.48651236	261.307923	0	0	0	0	0	0	3
31	200	0	0.196648527	-2.45468399	-11.8593873	-273.4808	-2.45468399	261.621413	0	0	0	0	0	0	3
32	205	0	0.202992028	-2.44480371	-11.5651815	-273.4808	-2.44480371	261.915619	0	0	0	0	0	0	3
33	212	0	0.209335528	-2.4390539	-11.2886322	-273.4808	-2.4390539	262.192168	0	0	0	0	0	0	3
34	218	0	0.215679029	-2.42698838	-11.0279956	-273.4808	-2.42698838	262.452805	0	0	0	0	0	0	3
35	224	0	0.22202253	-2.43242306	-10.7824078	-273.4808	-2.42698838	262.698393	0	0	0	0	0	0	3
36	230	0	0.228366031	-2.42821464	-10.5503469	-273.4808	-2.42698838	262.930454	0	0	0	0	0	0	3
37	236	0	0.234709532	-2.42747025	-10.3308097	-273.4808	-2.42698838	263.149991	0	0	0	0	0	0	3
38	242	0	0.241053033	-2.42471287	-10.1227545	-273.4808	-2.42471287	263.358046	0	0	0	0	0	0	3
39	248	0	0.247396534	-2.42420684	-9.92535587	-273.4808	-2.42420684	263.555445	0	0	0	0	0	0	3
40	254	0	0.253740034	-2.43366156	-9.73806351	-273.4808	-2.42420684	263.742737	0	0	0	0	0	0	3
41	261	0	0.260083535	-2.42414472	-9.55967525	-273.4808	-2.42414472	263.921125	0	0	0	0	0	0	3
42	267	0	0.266427036	-2.42432605	-9.38978598	-273.4808	-2.42414472	264.091014	0	0	0	0	0	0	3
43	273	0	0.272770537	-2.42753559	-9.22787318	-273.4808	-2.42414472	264.252927	0	0	0	0	0	0	3
44	279	0	0.279114038	-2.42528732	-9.07326896	-273.4808	-2.42414472	264.407532	0	0	0	0	0	0	3
45	285	0	0.285457539	-2.42835178	-8.92560413	-273.4808	-2.42414472	264.555196	0	0	0	0	0	0	3
46	291	0	0.29180104	-2.42387969	-8.7842623	-273.4808	-2.42387969	264.696538	0	0	0	0	0	0	3
47	297	0	0.298144541	-2.43846593	-8.64924535	-273.4808	-2.42387969	264.831555	0	0	0	0	0	0	3
48	303	0	0.304488041	-2.43504256	-8.5197828	-273.4808	-2.42387969	264.961018	0	0	0	0	0	0	3
49	309	0	0.310831542	-2.43469761	-8.39559738	-273.4808	-2.42387969	265.085203	0	0	0	0	0	0	3
50	315	0	0.317175043	-2.43431795	-8.27637179	-273.4808	-2.42387969	265.204429	0	0	0	0	0	0	3
51	321	0	0.323518544	-2.44114173	-8.16195552	-273.4808	-2.42387969	265.318845	0	0	0	0	0	0	3
52	327	0	0.329862045	-2.4509458	-8.05212841	-273.4808	-2.42387969	265.428672	0	0	0	0	0	0	3
53	333	0	0.336205546	-2.45255641	-7.94647611	-273.4808	-2.42387969	265.534324	0	0	0	0	0	0	3
54	340	0	0.342549047	-2.44988071	-7.8446873	-273.4808	-2.42387969	265.636113	0	0	0	0	0	0	3
55	346	0	0.348892547	-2.4601823	-7.74678721	-273.4808	-2.42387969	265.734013	0	0	0	0	0	0	3
56	352	0	0.355236048	-2.46091125	-7.65239657	-273.4808	-2.42387969	265.828404	0	0	0	0	0	0	3
57	358	0	0.361579549	-2.46253665	-7.5613464	-273.4808	-2.42387969	265.919454	0	0	0	0	0	0	3
58	364	0	0.36792305	-2.46354806	-7.47345332	-273.4808	-2.42387969	266.007347	0	0	0	0	0	0	3
59	369	0	0.374266551	-2.46555413	-7.38857367	-273.4808	-2.42387969	266.092227	0	0	0	0	0	0	3
60	375	0	0.380610052	-2.47012072	-7.30659946	-273.4808	-2.42387969	266.174201	0	0	0	0	0	0	3
61	381	0	0.386953553	-2.46937217	-7.22730065	-273.4808	-2.42387969	266.2535	0	0	0	0	0	0	3
62	387	0	0.393297053	-2.47981281	-7.15072827	-273.4808	-2.42387969	266.330072	0	0	0	0	0	0	3
63	393	0	0.399640554	-2.47193638	-7.07646173	-273.4808	-2.42387969	266.404339	0	0	0	0	0	0	3
64	399	0	0.405984055	-2.47629291	-7.00458409	-273.4808	-2.42387969	266.476216	0	0	0	0	0	0	3
65	404	0	0.412327556	-2.48817133	-6.93510082	-273.4808	-2.42387969	266.5457	0	0	0	0	0	0	3
66	410	0	0.418671057	-2.48436773	-6.86766547	-273.4808	-2.42387969	266.613135	0	0	0	0	0	0	3
67	416	0	0.425014558	-2.49099458	-6.80234202	-273.4808	-2.42387969	266.678458	0	0	0	0	0	0	3
68	422	0	0.431358059	-2.48769976	-6.7388914	-273.4808	-2.42387969	266.741909	0	0	0	0	0	0	3
69	428	0	0.437701559	-2.49200607	-6.67734234	-273.4808	-2.42387969	266.803458	0	0	0	0	0	0	3
70	434	0	0.44404506	-2.49217244	-6.6175542	-273.4808	-2.42387969	266.863246	0	0	0	0	0	0	3
71	440	0	0.450388561	-2.50290639	-6.55960141	-273.4808	-2.42387969	266.921199	0	0	0	0	0	0	3
72	446	0	0.456732062	-2.50127778	-6.5032358	-273.4808	-2.42387969	266.977565	0	0	0	0	0	0	3
73	452	0	0.463075563	-2.51096869	-6.44854721	-273.4808	-2.42387969	267.032253	0	0	0	0	0	0	3
74	457	0	0.469419064	-2.50623642	-6.39527274	-273.4808	-2.42387969	267.085528	0	0	0	0	0	0	3
75	463	0	0.475762565	-2.50435404	-6.34339383	-273.4808	-2.42387969	267.137407	0	0	0	0	0	0	3
76	469	0	0.482106065	-2.50420107	-6.29287813	-273.4808	-2.42387969	267.187922	0	0	0	0	0	0	3
77	474	0	0.488449566	-2.50418118	-6.24367428	-273.4808	-2.42387969	267.237126	0	0	0	0	0	0	3
78	480	0	0.494793067	-2.50183978	-6.19570204	-273.4808	-2.42387969	267.285098	0	0	0	0	0	0	3
79	486	0	0.501136568	-2.51460477	-6.14910587	-273.4808	-2.42387969	267.331695	0	0	0	0	0	0	3
80	492	0	0.507480069	-2.50512322	-2.71903401	-17.7975908	-2.42387969	15.3737111	0	0	0	0	0	0	3
81	498	0	0.51382357	-2.51550113	-2.52558983	-3.05390806	-2.42387969	0.630028375	0	0	0	0	0	0	3
82	504	0	0.520167071	-2.51785454	-2.52489586	-3.05390806	-2.42387969	0.630028375	0	0	0	0	0	0	3
83	510	0	0.526510572	-2.52079399	-2.51937858	-3.05390806	-2.42387969	0.630028375	0	0	0	0	0	0	3
84	516	0	0.532854072	-2.52074952	-2.51262974	-2.8865463	-2.42387969	0.462666606	0	0	0	0	0	0	3
85	522	0	0.539197573	-2.52262145	-2.50802309	-2.66934428	-2.42387969	0.245464588	0	0	0	0	0	0	3
86	528	0	0.545541074	-2.52420124	-2.50651208	-2.66934428	-2.42387969	0.245464588	0	0	0	0	0	0	3
87	534	0	0.551884575	-2.52354564	-2.50535691	-2.66934428	-2.42387969	0.245464588	0	0	0	0	0	0	3
88	540	0	0.558228076	-2.51484043	-2.50467437	-2.66934428	-2.42387969	0.245464588	0	0	0	0	0	0	3
89	546	0	0.564571577	-2.51771924	-2.50397355	-2.66934428	-2.42387969	0.245464588	0	0	0	0	0	0	3
90	552	0	0.570915078	-2.51691165	-2.50298518	-2.66934428	-2.42387969	0.245464588	0	0	0	0	0	0	3
91	558	0	0.577258578	-2.51894942	-2.50183318	-2.66934428	-2.42387969	0.245464588	0	0	0	0	0	0	3
92	563	0	0.583602079	-2.51654516	-2.50074787	-2.66934428	-2.42387969	0.245464588	0	0	0	0	0	0	3
93	569	0	0.58994558	-2.52684895	-2.49946603	-2.66934428	-2.42387969	0.245464588	0	0	0	0	0	0	3
94	575	0	0.596289081	-2.52247944	-2.49825299	-2.66934428	-2.42387969	0.245464588	0	0	0	0	0	0	3
95	581	0	0.602632582	-2.52959072	-2.49696475	-2.66934428	-2.42387969	0.245464588	0	0	0	0	0	0	3
96	587	0	0.608976083	-2.52102345	-2.49552074	-2.66934428	-2.42387969	0.245464588	0	0	0	0	0	0	3
97	593	0	0.615319584	-2.51788476	-2.49378817	-2.66934428	-2.42387969	0.245464588	0	0	0	0	0	0	3
98	598	0	0.621663084	-2.52287827	-2.4921623	-2.66934428	-2.42387969	0.245464588	0	0	0	0	0	0	3
99	604	0	0.628006585	-2.52082876	-2.49028236	-2.66337778	-2.42387969	0.239498094	0	0	0	0	0	0	3
100	610	0	0.634350086	-2.52172714	-2.48848931	-2.63766491	-2.42387969	0.213785218	0	0	0	0	0	0	3
101	619	0	0.640693587	-2.52378252	-2.48704776	-2.61939508	-2.42387969	0.195515389	0	0	0	0	0	0	3
102	626	0	0.647037088	-2.52090523	-2.48580105	-2.59822129	-2.42387969	0.174341603	0	0	0	0	0	0	3
103	632	0	0.653380589	-2.5309341	-2.48497393	-2.59822129	-2.42387969	0.174341603	0	0	0	0	0	0	3
104	638	0	0.65972409	-2.52208917	-2.48401023	-2.58282744	-2.42387969	0.158947754	0	0	0	0	0	0	3
105	644	0	0.66606759	-2.52110418	-2.48322892	-2.5395674	-2.42387969	0.115687711	0	0	0	0	0	0	3
106	650	0	0.672411091	-2.52497536	-2.48304421	-2.5309341	-2.42387969	0.107054412	0	0	0	0	0	0	3
107	655	0	0.678754592	-2.53083324	-2.48311072	-2.5309341	-2.42387969	0.107054412	0	0	0	0	0	0	3
108	661	0	0.685098093	-2.51779166	-2.48342517	-2.5309341	-2.42387969	0.107054412	0	0	0	0	0	0	3
109	668	0	0.691441594	-2.52741764	-2.48394296	-2.5309341	-2.42387969	0.107054412	0	0	0	0	0	0	3
110	673	0	0.697785095	-2.52278039	-2.48480494	-2.5309341	-2.42387969	0.107054412	0	0	0	0	0	0	3
111	679	0	0.704128596	-2.52975144	-2.48588023	-2.5309341	-2.42387969	0.107054412	0	0	0	0	0	0	3
112	685	0	0.710472097	-2.52990626	-2.48703026	-2.5309341	-2.42387969	0.107054412	0	0	0	0	0	0	3
113	691	0	0.716815597	-2.52730321	-2.48830006	-2.5309341	-2.42387969	0.107054412	0	0	0	0	0	0	3
114	698	0	0.723159098	-2.52389369	-2.48945792	-2.5309341	-2.42387969	0.107054412	0	0	0	0	0	0	3
115	704	0	0.729502599	-2.52725628	-2.49071161	-2.5309341	-2.42387969	0.107054412	0	0	0	0	0	0	3
116	710	0	0.7358461	-2.52361334	-2.49192861	-2.5309341	-2.42387969	0.107054412	0	0	0	0	0	0	3
117	716	0	0.742189601	-2.52262037	-2.49316795	-2.5309341	-2.42387969	0.107054412	0	0	0	0	0	0	3
118	721	0	0.748533102	-2.52684876	-2.49446721	-2.5309341	-2.42387969	0.107054412	0	0	0	0	0	0	3
119	727	0	0.754876603	-2.52077413	-2.4955699	-2.5309341	-2.42387969	0.107054412	0	0	0	0	0	0	3
120	733	0	0.761220103	-2.5269367	-2.49687107	-2.5309341	-2.42387969	0.107054412	0	0	0	0	0	0	3
121	739	0	0.767563604	-2.52567154	-2.49815392	-2.5309341	-2.42387969	0.107054412	0	0	0	0	0	0	3
122	745	0	0.773907105	-2.52804248	-2.49942616	-2.5309341	-2.42387969	0.107054412	0	0	0	0	0	0	3
123	751	0	0.780250606	-2.51860043	-2.50060734	-2.5309341	-2.42387969	0.107054412	0	0	0	0	0	0	3
124	757	0	0.786594107	-2.52091657	-2.50177905	-2.5309341	-2.42387969	0.107054412	0	0	0	0	0	0	3
125	763	0	0.792937608	-2.52542352	-2.50306441	-2.5309341	-2.43431795	0.0966161473	0	0	0	0	0	0	3
126	769	0	0.799281109	-2.52447662	-2.50415315	-2.5309341	-2.43431795	0.0966161473	0	0	0	0	0	0	3
127	774	0	0.805624609	-2.52783245	-2.50532771	-2.5309341	-2.43431795	0.0966161473	0	0	0	0	0	0	3
128	780	0	0.81196811	-2.52856054	-2.50651585	-2.5309341	-2.43431795	0.0966161473	0	0	0	0	0	0	3
129	786	0	0.818311611	-2.52772096	-2.50769816	-2.5309341	-2.44114173	0.0897923738	0	0	0	0	0	0	3
130	793	0	0.824655112	-2.52486741	-2.50875798	-2.5309341	-2.44988071	0.0810533879	0	0	0	0	0	0	3
131	800	0	0.830998613	-2.51825302	-2.50960997	-2.5309341	-2.44988071	0.0810533879	0	0	0	0	0	0	3
132	808	0	0.837342114	-2.52787179	-2.51056333	-2.5309341	-2.44988071	0.0810533879	0	0	0	0	0	0	3
133	816	0	0.843685615	-2.5223207	-2.51148029	-2.5309341	-2.4601823	0.0707517975	0	0	0	0	0	0	3
134	825	0	0.850029115	-2.51942189	-2.51223016	-2.5309341	-2.46091125	0.0700228551	0	0	0	0	0	0	3
135	832	0	0.856372616	-2.52660305	-2.5130617	-2.5309341	-2.46253665	0.0683974501	0	0	0	0	0	0	3
136	839	0	0.862716117	-2.52471699	-2.5138488	-2.5309341	-2.46354806	0.067386043	0	0	0	0	0	0	3
137	846	0	0.869059618	-2.52369327	-2.51461013	-2.5309341	-2.46555413	0.0653799701	0	0	0	0	0	0	3
138	853	0	0.875403119	-2.52325193	-2.51534048	-2.5309341	-2.46937217	0.0615619278	0	0	0	0	0	0	3
139	860	0	0.88174662	-2.52730346	-2.51606431	-2.5309341	-2.46937217	0.0615619278	0	0	0	0	0	0	3
140	866	0	0.888090121	-2.52804104	-2.51680696	-2.5309341	-2.47193638	0.0589977173	0	0	0	0	0	0	3
141	872	0	0.894433622	-2.52391604	-2.51736523	-2.5309341	-2.47193638	0.0589977173	0	0	0	0	0	0	3
142	878	0	0.900777122	-2.53326113	-2.51814149	-2.53326113	-2.47629291	0.0569682172	0	0	0	0	0	0	3
143	886	0	0.907120623	-2.52697025	-2.51878297	-2.53326113	-2.48436773	0.0488934035	0	0	0	0	0	0	3
144	893	0	0.913464124	-2.52340077	-2.51922892	-2.53326113	-2.48436773	0.0488934035	0	0	0	0	0	0	3
145	900	0	0.919807625	-2.53104348	-2.51981975	-2.53326113	-2.48769976	0.0455613673	0	0	0	0	0	0	3
146	907	0	0.926151126	-2.52056474	-2.52019405	-2.53326113	-2.48769976	0.0455613673	0	0	0	0	0	0	3
147	914	0	0.932494627	-2.52777405	-2.52070132	-2.53326113	-2.49200607	0.0412550545	0	0	0	0	0	0	3
148	920	0	0.938838128	-2.52717724	-2.52114653	-2.53326113	-2.49217244	0.0410886934	0	0	0	0	0	0	3
149	926	0	0.945181628	-2.52607021	-2.52157561	-2.53326113	-2.50127778	0.0319833496	0	0	0	0	0	0	3
150	933	0	0.951525129	-2.52750091	-2.52188694	-2.53326113	-2.50127778	0.0319833496	0	0	0	0	0	0	3
151	939	0	0.95786863	-2.53379031	-2.52229849	-2.53379031	-2.50183978	0.0319505202	0	0	0	0	0	0	3
152	945	0	0.964212131	-2.52087698	-2.52242391	-2.53379031	-2.50183978	0.0319505202	0	0	0	0	0	0	3
153	951	0	0.970555632	-2.5243784	-2.52265355	-2.53379031	-2.50183978	0.0319505202	0	0	0	0	0	0	3
154	958	0	0.976899133	-2.52066285	-2.52286	-2.53379031	-2.50183978	0.0319505202	0	0	0	0	0	0	3
155	964	0	0.983242634	-2.52666808	-2.52314439	-2.53379031	-2.50183978	0.0319505202	0	0	0	0	0	0	3
156	971	0	0.989586134	-2.52585799	-2.52341878	-2.53379031	-2.50183978	0.0319505202	0	0	0	0	0	0	3
157	978	0	0.995929635	-2.52972152	-2.52377171	-2.53379031	-2.50512322	0.0286670838	0	0	0	0	0	0	3
158	985	0	1.00227314	-2.52754735	-2.52393554	-2.53379031	-2.50512322	0.0286670838	0.0189008513	0	65.9	0	0	0	3
159	992	0	1.00861664	-2.51975982	-2.52412081	-2.53379031	-2.51484043	0.0189498747	0.0189008513	0	99.7	0	0	0	3
160	999	0	1.01496014	-2.5231649	-2.52421782	-2.53379031	-2.51484043	0.0189498747	0.0189008513	0	99.7	0	0	0	3
161	1006	0	1.02130364	-2.51599256	-2.52419425	-2.53379031	-2.51484043	0.0189498747	0.0189008513	0	99.7	0	0	0	3
162	1014	0	1.02764714	-2.52651177	-2.52426663	-2.53379031	-2.51484043	0.0189498747	0.0189008513	0	99.7	0	0	0	3
163	1021	0	1.03399064	-2.53095584	-2.52439583	-2.53379031	-2.51484043	0.0189498747	0.0189008513	0	99.7	0	0	0	3
164	1028	0	1.04033414	-2.53270067	-2.52452341	-2.53379031	-2.51484043	0.0189498747	0.0189008513	0	99.7	0	0	0	3
165	1036	0	1.04667764	-2.52176024	-2.52449251	-2.53379031	-2.51484043	0.0189498747	0.0189008513	0	99.7	0	0	0	3
166	1042	0	1.05302114	-2.52664166	-2.5245317	-2.53379031	-2.51484043	0.0189498747	0.0189008513	0	99.7	0	0	0	3
167	1050	0	1.05936464	-2.52410909	-2.52464903	-2.53379031	-2.51599256	0.0177977497	0.0189008513	0	100	0	0	0	3
168	1057	0	1.06570814	-2.52492588	-2.52474025	-2.53379031	-2.51599256	0.0177977497	0.0189008513	0	100	0	0	0	3
169	1065	0	1.07205165	-2.52787478	-2.52487902	-2.53379031	-2.51599256	0.0177977497	0.0189008513	0	100	0	0	0	3
170	1071	0	1.07839515	-2.5284094	-2.52499877	-2.53379031	-2.51599256	0.0177977497	0.0189008513	0	100	0	0	0	3
171	1077	0	1.08473865	-2.52469796	-2.52510197	-2.53379031	-2.51599256	0.0177977497	0.0189008513	0	100	0	0	0	3
172	1085	0	1.09108215	-2.52404023	-2.52506642	-2.53379031	-2.51599256	0.0177977497	0.0189008513	0	100	0	0	0	3
173	1093	0	1.09742565	-2.52975598	-2.52515853	-2.53379031	-2.51599256	0.0177977497	0.0189008513	0	100	0	0	0	3
174	1099	0	1.10376915	-2.5200117	-2.52503727	-2.53379031	-2.51599256	0.0177977497	0.0189008513	0	100	0	0	0	3
175	1107	0	1.11011265	-2.53346548	-2.52519477	-2.53379031	-2.51599256	0.0177977497	0.0189008513	0	100	0	0	0	3
176	1114	0	1.11645615	-2.53095935	-2.52536027	-2.53379031	-2.51599256	0.0177977497	0.0189008513	0	100	0	0	0	3
177	1122	0	1.12279965	-2.52622445	-2.52540262	-2.53379031	-2.51599256	0.0177977497	0.0189008513	0	100	0	0	0	3
178	1130	0	1.12914315	-2.52436058	-2.52544733	-2.53379031	-2.51599256	0.0177977497	0.0189008513	0	100	0	0	0	3
179	1137	0	1.13548665	-2.52755256	-2.52552107	-2.53379031	-2.51599256	0.0177977497	0.0189008513	0	100	0	0	0	3
180	1144	0	1.14183016	-2.52268573	-2.52550719	-2.53379031	-2.51599256	0.0177977497	0.0189008513	0	100	0	0	0	3
181	1150	0	1.14817366	-2.52854993	-2.52560395	-2.53379031	-2.51599256	0.0177977497	0.0189008513	0	100	0	0	0	3
182	1157	0	1.15451716	-2.52988298	-2.52559065	-2.53379031	-2.51599256	0.0177977497	0.0189008513	0	100	0	0	0	3
183	1163	0	1.16086066	-2.52339683	-2.5256072	-2.53379031	-2.51599256	0.0177977497	0.0189008513	0	100	0	0	0	3
184	1169	0	1.16720416	-2.5315265	-2.52573913	-2.53379031	-2.51599256	0.0177977497	0.0189008513	0	100	0	0	0	3
185	1177	0	1.17354766	-2.5168604	-2.52563641	-2.53379031	-2.51599256	0.0177977497	0.0189008513	0	100	0	0	0	3
186	1183	0	1.17989116	-2.52657776	-2.52558254	-2.53379031	-2.51599256	0.0177977497	0.0189008513	0	100	0	0	0	3
187	1189	0	1.18623466	-2.52979036	-2.52573442	-2.53379031	-2.51599256	0.0177977497	0.0189008513	0	100	0	0	0	3
188	1195	0	1.19257816	-2.52775685	-2.52573872	-2.53379031	-2.51599256	0.0177977497	0.0189008513	0	100	0	0	0	3
189	1201	0	1.19892166	-2.52971577	-2.52582651	-2.53379031	-2.51599256	0.0177977497	0.0189008513	0	100	0	0	0	3
