Iteration	CPUTime	PhysTime	Travels	Value	AvValue	MinValue	MaxValue	Delta	Criteria	Progress	dGMaxMin	CriteriaType	CriteriaVarType	CriteriaPercentage
1	17	0	0.00634350086	105842.129	105842.129	105842.129	105842.129	0	0	0	0	9712.22	0	0	3
2	24	0	0.0126870017	101889.369	103865.749	101889.369	105842.129	1976.38031	0	0	0	1179.03	0	0	3
3	31	0	0.0190305026	101686.988	103139.495	101686.988	105842.129	2702.63399	0	0	0	753.195	0	0	3
4	38	0	0.0253740034	101638.829	102764.329	101638.829	105842.129	3077.80061	0	0	0	673.984	0	0	3
5	44	0	0.0317175043	101664.597	102544.382	101638.829	105842.129	3297.74697	0	0	0	686.896	0	0	3
6	50	0	0.0380610052	101635.061	102392.829	101635.061	105842.129	3449.30054	0	0	0	648.075	0	0	3
7	56	0	0.044404506	101633.992	102284.423	101633.992	105842.129	3557.70578	0	0	0	640.557	0	0	3
8	61	0	0.0507480069	101631.346	102202.789	101631.346	105842.129	3639.34048	0	0	0	636.009	0	0	3
9	67	0	0.0570915078	101627.265	102138.842	101627.265	105842.129	3703.28758	0	0	0	630.603	0	0	3
10	73	0	0.0634350086	101626.624	102087.62	101626.624	105842.129	3754.50933	0	0	0	628.396	0	0	3
11	79	0	0.0697785095	101624.526	102045.52	101624.526	105842.129	3796.6088	0	0	0	606.43	0	0	3
12	85	0	0.0761220103	101629.382	102010.842	101624.526	105842.129	3831.28702	0	0	0	602.641	0	0	3
13	91	0	0.0824655112	101627.127	101981.326	101624.526	105842.129	3860.80359	0	0	0	592.497	0	0	3
14	97	0	0.0888090121	101628.593	101956.13	101624.526	105842.129	3885.99875	0	0	0	587.278	0	0	3
15	103	0	0.0951525129	101629.072	101934.327	101624.526	105842.129	3907.80268	0	0	0	581.057	0	0	3
16	109	0	0.101496014	101631.793	101915.418	101624.526	105842.129	3926.71105	0	0	0	578.526	0	0	3
17	115	0	0.107839515	101632.485	101898.775	101624.526	105842.129	3943.35417	0	0	0	573.297	0	0	3
18	121	0	0.114183016	101633.948	101884.062	101624.526	105842.129	3958.06677	0	0	0	569.506	0	0	3
19	127	0	0.120526516	101639.259	101871.178	101624.526	105842.129	3970.95118	0	0	0	569.701	0	0	3
20	134	0	0.126870017	101640.441	101859.641	101624.526	105842.129	3982.48803	0	0	0	566.749	0	0	3
21	140	0	0.133213518	101645.479	101849.443	101624.526	105842.129	3992.68625	0	0	0	567.887	0	0	3
22	146	0	0.139557019	101652.809	101840.505	101624.526	105842.129	4001.62414	0	0	0	571.575	0	0	3
23	152	0	0.14590052	101655.35	101832.455	101624.526	105842.129	4009.67436	0	0	0	570.569	0	0	3
24	157	0	0.152244021	101654.45	101825.038	101624.526	105842.129	4017.09123	0	0	0	566.867	0	0	3
25	163	0	0.158587522	101655.57	101818.259	101624.526	105842.129	4023.86996	0	0	0	565.655	0	0	3
26	169	0	0.164931022	101654.879	101811.975	101624.526	105842.129	4030.15382	0	0	0	563.228	0	0	3
27	175	0	0.171274523	101651.673	101806.038	101624.526	105842.129	4036.09094	0	0	0	558.621	0	0	3
28	181	0	0.177618024	101652.355	101800.55	101624.526	105842.129	4041.57962	0	0	0	558.121	0	0	3
29	187	0	0.183961525	101651.806	101795.421	101624.526	105842.129	4046.70873	0	0	0	557.062	0	0	3
30	194	0	0.190305026	101651.9	101790.636	101624.526	105842.129	4051.49275	0	0	0	556.956	0	0	3
31	200	0	0.196648527	101651.764	101786.157	101624.526	105842.129	4055.97252	0	0	0	557.188	0	0	3
32	205	0	0.202992028	101652.805	101781.989	101624.526	105842.129	4060.13977	0	0	0	558.579	0	0	3
33	212	0	0.209335528	101650.929	101778.018	101624.526	105842.129	4064.11131	0	0	0	557.511	0	0	3
34	218	0	0.215679029	101652.333	101774.321	101624.526	105842.129	4067.80792	0	0	0	559.512	0	0	3
35	224	0	0.22202253	101650.701	101770.789	101624.526	105842.129	4071.33993	0	0	0	558.704	0	0	3
36	230	0	0.228366031	101649.203	101767.412	101624.526	105842.129	4074.71734	0	0	0	557.937	0	0	3
37	236	0	0.234709532	101650.094	101764.241	101624.526	105842.129	4077.8881	0	0	0	559.956	0	0	3
38	242	0	0.241053033	101652.472	101761.3	101624.526	105842.129	4080.8294	0	0	0	563.305	0	0	3
39	248	0	0.247396534	101653.628	101758.539	101624.526	105842.129	4083.59022	0	0	0	565.125	0	0	3
40	254	0	0.253740034	101651.11	101755.853	101624.526	105842.129	4086.27595	0	0	0	563.795	0	0	3
41	261	0	0.260083535	101651.158	101753.3	101624.526	105842.129	4088.8295	0	0	0	565.262	0	0	3
42	267	0	0.266427036	101651.072	101750.866	101624.526	105842.129	4091.26349	0	0	0	566.146	0	0	3
43	273	0	0.272770537	101649.711	101748.513	101624.526	105842.129	4093.61594	0	0	0	564.992	0	0	3
44	279	0	0.279114038	101653.245	101746.348	101624.526	105842.129	4095.78112	0	0	0	569.424	0	0	3
45	285	0	0.285457539	101652.834	101744.27	101624.526	105842.129	4097.8592	0	0	0	569.782	0	0	3
46	291	0	0.29180104	101651.114	101742.245	101624.526	105842.129	4099.88433	0	0	0	568.784	0	0	3
47	297	0	0.298144541	101651.169	101740.307	101624.526	105842.129	4101.82212	0	0	0	569.842	0	0	3
48	303	0	0.304488041	101650.02	101738.426	101624.526	105842.129	4103.7031	0	0	0	569.468	0	0	3
49	309	0	0.310831542	101650.257	101736.627	101624.526	105842.129	4105.50246	0	0	0	569.08	0	0	3
50	315	0	0.317175043	101649.705	101734.888	101624.526	105842.129	4107.24089	0	0	0	568.863	0	0	3
51	321	0	0.323518544	101651.731	101733.258	101624.526	105842.129	4108.87142	0	0	0	571.278	0	0	3
52	327	0	0.329862045	101650.08	101731.658	101624.526	105842.129	4110.47099	0	0	0	570.243	0	0	3
53	333	0	0.336205546	101653.713	101730.188	101624.526	105842.129	4111.94165	0	0	0	574.236	0	0	3
54	340	0	0.342549047	101651.774	101728.735	101624.526	105842.129	4113.39375	0	0	0	572.608	0	0	3
55	346	0	0.348892547	101653.147	101727.361	101624.526	105842.129	4114.76808	0	0	0	574.134	0	0	3
56	352	0	0.355236048	101649.063	101725.963	101624.526	105842.129	4116.16625	0	0	0	570.238	0	0	3
57	358	0	0.361579549	101650.261	101724.635	101624.526	105842.129	4117.49436	0	0	0	571.406	0	0	3
58	364	0	0.36792305	101649.736	101723.344	101624.526	105842.129	4118.78571	0	0	0	571.751	0	0	3
59	369	0	0.374266551	101649.181	101722.087	101624.526	105842.129	4120.0427	0	0	0	570.74	0	0	3
60	375	0	0.380610052	101648.585	101720.862	101624.526	105842.129	4121.26773	0	0	0	570.344	0	0	3
61	381	0	0.386953553	101649.98	101719.7	101624.526	105842.129	4122.42972	0	0	0	572.07	0	0	3
62	387	0	0.393297053	101648.173	101718.546	101624.526	105842.129	4123.58337	0	0	0	569.991	0	0	3
63	393	0	0.399640554	101650.938	101717.473	101624.526	105842.129	4124.65651	0	0	0	573.448	0	0	3
64	399	0	0.405984055	101648.638	101716.397	101624.526	105842.129	4125.73205	0	0	0	571.315	0	0	3
65	404	0	0.412327556	101648.578	101715.354	101624.526	105842.129	4126.77542	0	0	0	571.375	0	0	3
66	410	0	0.418671057	101648.483	101714.341	101624.526	105842.129	4127.78861	0	0	0	571.632	0	0	3
67	416	0	0.425014558	101648.396	101713.356	101624.526	105842.129	4128.77286	0	0	0	571.747	0	0	3
68	422	0	0.431358059	101650.387	101712.43	101624.526	105842.129	4129.69888	0	0	0	573.704	0	0	3
69	428	0	0.437701559	101648.703	101711.507	101624.526	105842.129	4130.62246	0	0	0	571.961	0	0	3
70	434	0	0.44404506	101648.348	101710.605	101624.526	105842.129	4131.52473	0	0	0	571.544	0	0	3
71	440	0	0.450388561	101648.856	101709.735	101624.526	105842.129	4132.39443	0	0	0	571.916	0	0	3
72	446	0	0.456732062	101647.683	101708.873	101624.526	105842.129	4133.25626	0	0	0	571.561	0	0	3
73	452	0	0.463075563	101648.577	101708.047	101624.526	105842.129	4134.08222	0	0	0	572.27	0	0	3
74	457	0	0.469419064	101650.148	101707.265	101624.526	105842.129	4134.86464	0	0	0	574.651	0	0	3
75	463	0	0.475762565	101648.192	101706.477	101624.526	105842.129	4135.65227	0	0	0	572.698	0	0	3
76	469	0	0.482106065	101649.435	101705.726	101624.526	105842.129	4136.40282	0	0	0	573.558	0	0	3
77	474	0	0.488449566	101648.055	101704.977	101624.526	105842.129	4137.1518	0	0	0	572.327	0	0	3
78	480	0	0.494793067	101647.761	101704.244	101624.526	105842.129	4137.88535	0	0	0	572.529	0	0	3
79	486	0	0.501136568	101648.35	101703.536	101624.526	105842.129	4138.59286	0	0	0	573.577	0	0	3
80	492	0	0.507480069	101647.36	101650.438	101624.526	101889.369	264.842858	0	0	0	572.255	0	0	3
81	498	0	0.51382357	101648.927	101647.394	101624.526	101686.988	62.4621278	0	0	0	573.967	0	0	3
82	504	0	0.520167071	101649.419	101646.919	101624.526	101664.597	40.0710479	0	0	0	574.603	0	0	3
83	510	0	0.526510572	101648.841	101647.046	101624.526	101664.597	40.0710479	0	0	0	574.664	0	0	3
84	516	0	0.532854072	101648.234	101646.839	101624.526	101655.57	31.0441814	0	0	0	573.646	0	0	3
85	522	0	0.539197573	101648.621	101647.01	101624.526	101655.57	31.0441814	0	0	0	573.791	0	0	3
86	528	0	0.545541074	101647.014	101647.175	101624.526	101655.57	31.0441814	0	0	0	572.02	0	0	3
87	534	0	0.551884575	101648.158	101647.388	101624.526	101655.57	31.0441814	0	0	0	572.897	0	0	3
88	540	0	0.558228076	101649.654	101647.671	101624.526	101655.57	31.0441814	0	0	0	574.411	0	0	3
89	546	0	0.564571577	101647.66	101647.938	101624.526	101655.57	31.0441814	0	0	0	572.388	0	0	3
90	552	0	0.570915078	101650.394	101648.265	101627.127	101655.57	28.4432245	0	0	0	575.142	0	0	3
91	558	0	0.577258578	101648.837	101648.511	101627.127	101655.57	28.4432245	0	0	0	573.728	0	0	3
92	563	0	0.583602079	101649.373	101648.793	101628.593	101655.57	26.9765403	0	0	0	574.207	0	0	3
93	569	0	0.58994558	101647.728	101649.035	101629.072	101655.57	26.4983269	0	0	0	572.4	0	0	3
94	575	0	0.596289081	101648.92	101649.286	101631.793	101655.57	23.7773103	0	0	0	573.268	0	0	3
95	581	0	0.602632582	101651.521	101649.536	101632.485	101655.57	23.0847805	0	0	0	575.806	0	0	3
96	587	0	0.608976083	101648.609	101649.74	101633.948	101655.57	21.6217686	0	0	0	572.752	0	0	3
97	593	0	0.615319584	101651.474	101649.962	101639.259	101655.57	16.3112664	0	0	0	575.413	0	0	3
98	598	0	0.621663084	101650.813	101650.108	101640.441	101655.57	15.1288255	0	0	0	574.534	0	0	3
99	604	0	0.628006585	101651.342	101650.246	101645.479	101655.57	10.0914336	0	0	0	574.916	0	0	3
100	610	0	0.634350086	101652.122	101650.33	101647.014	101655.57	8.55600696	0	0	0	575.636	0	0	3
101	619	0	0.640693587	101650.307	101650.299	101647.014	101655.57	8.55600696	0	0	0	574.019	0	0	3
102	626	0	0.647037088	101648.125	101650.207	101647.014	101655.57	8.55600696	0	0	0	572.004	0	0	3
103	632	0	0.653380589	101647.721	101650.122	101647.014	101655.57	8.55600696	0	0	0	571.791	0	0	3
104	638	0	0.65972409	101647.352	101650.018	101647.014	101654.879	7.86479315	0	0	0	571.339	0	0	3
105	644	0	0.66606759	101647.165	101649.92	101647.014	101653.713	6.69926757	0	0	0	571.514	0	0	3
106	650	0	0.672411091	101647.046	101649.862	101647.014	101653.713	6.69926757	0	0	0	571.048	0	0	3
107	655	0	0.678754592	101647.902	101649.805	101647.014	101653.713	6.69926757	0	0	0	571.856	0	0	3
108	661	0	0.685098093	101651.54	101649.802	101647.014	101653.713	6.69926757	0	0	0	575.332	0	0	3
109	668	0	0.691441594	101647.958	101649.752	101647.014	101653.713	6.69926757	0	0	0	571.755	0	0	3
110	673	0	0.697785095	101647.942	101649.704	101647.014	101653.713	6.69926757	0	0	0	571.638	0	0	3
111	679	0	0.704128596	101646.007	101649.618	101646.007	101653.713	7.70612489	0	0	0	569.877	0	0	3
112	685	0	0.710472097	101647.561	101649.575	101646.007	101653.713	7.70612489	0	0	0	571.549	0	0	3
113	691	0	0.716815597	101649.324	101649.537	101646.007	101653.713	7.70612489	0	0	0	573.294	0	0	3
114	698	0	0.723159098	101646.849	101649.488	101646.007	101653.713	7.70612489	0	0	0	570.8	0	0	3
115	704	0	0.729502599	101647.999	101649.473	101646.007	101653.713	7.70612489	0	0	0	571.909	0	0	3
116	710	0	0.7358461	101649.728	101649.468	101646.007	101653.713	7.70612489	0	0	0	573.411	0	0	3
117	716	0	0.742189601	101644.297	101649.365	101644.297	101653.713	9.41661434	0	0	0	567.835	0	0	3
118	721	0	0.748533102	101647.426	101649.286	101644.297	101653.713	9.41661434	0	0	0	570.809	0	0	3
119	727	0	0.754876603	101645.059	101649.21	101644.297	101653.713	9.41661434	0	0	0	568.367	0	0	3
120	733	0	0.761220103	101650.7	101649.204	101644.297	101653.713	9.41661434	0	0	0	573.791	0	0	3
121	739	0	0.767563604	101644.663	101649.123	101644.297	101653.713	9.41661434	0	0	0	567.604	0	0	3
122	745	0	0.773907105	101647.509	101649.095	101644.297	101653.713	9.41661434	0	0	0	570.305	0	0	3
123	751	0	0.780250606	101650.728	101649.063	101644.297	101653.713	9.41661434	0	0	0	573.429	0	0	3
124	757	0	0.786594107	101647.644	101648.997	101644.297	101653.713	9.41661434	0	0	0	570.18	0	0	3
125	763	0	0.792937608	101648.376	101648.963	101644.297	101653.713	9.41661434	0	0	0	570.859	0	0	3
126	769	0	0.799281109	101649.001	101648.935	101644.297	101653.713	9.41661434	0	0	0	571.229	0	0	3
127	774	0	0.805624609	101646.009	101648.885	101644.297	101653.713	9.41661434	0	0	0	568.083	0	0	3
128	780	0	0.81196811	101647.921	101648.855	101644.297	101653.713	9.41661434	0	0	0	569.985	0	0	3
129	786	0	0.818311611	101648.836	101648.844	101644.297	101653.713	9.41661434	0	0	0	571.081	0	0	3
130	793	0	0.824655112	101647.191	101648.786	101644.297	101653.713	9.41661434	0	0	0	569.403	0	0	3
131	800	0	0.830998613	101644.564	101648.717	101644.297	101653.713	9.41661434	0	0	0	566.741	0	0	3
132	808	0	0.837342114	101649.337	101648.661	101644.297	101653.147	8.85065861	0	0	0	571.523	0	0	3
133	816	0	0.843685615	101646.525	101648.595	101644.297	101653.147	8.85065861	0	0	0	568.81	0	0	3
134	825	0	0.850029115	101646.77	101648.514	101644.297	101652.122	7.82524474	0	0	0	569.665	0	0	3
135	832	0	0.856372616	101647.678	101648.497	101644.297	101652.122	7.82524474	0	0	0	570.163	0	0	3
136	839	0	0.862716117	101647.779	101648.465	101644.297	101652.122	7.82524474	0	0	0	570.652	0	0	3
137	846	0	0.869059618	101646.271	101648.421	101644.297	101652.122	7.82524474	0	0	0	568.469	0	0	3
138	853	0	0.875403119	101649.732	101648.428	101644.297	101652.122	7.82524474	0	0	0	572.134	0	0	3
139	860	0	0.88174662	101647.977	101648.421	101644.297	101652.122	7.82524474	0	0	0	569.463	0	0	3
140	866	0	0.888090121	101648.062	101648.396	101644.297	101652.122	7.82524474	0	0	0	570.3	0	0	3
141	872	0	0.894433622	101646.441	101648.374	101644.297	101652.122	7.82524474	0	0	0	568.102	0	0	3
142	878	0	0.900777122	101648.519	101648.344	101644.297	101652.122	7.82524474	0	0	0	570.941	0	0	3
143	886	0	0.907120623	101649.784	101648.358	101644.297	101652.122	7.82524474	0	0	0	571.698	0	0	3
144	893	0	0.913464124	101648.848	101648.362	101644.297	101652.122	7.82524474	0	0	0	570.814	0	0	3
145	900	0	0.919807625	101644.624	101648.313	101644.297	101652.122	7.82524474	0	0	0	566.475	0	0	3
146	907	0	0.926151126	101647.526	101648.302	101644.297	101652.122	7.82524474	0	0	0	569.315	0	0	3
147	914	0	0.932494627	101644.819	101648.231	101644.297	101652.122	7.82524474	0	0	0	566.67	0	0	3
148	920	0	0.938838128	101647.561	101648.217	101644.297	101652.122	7.82524474	0	0	0	569.433	0	0	3
149	926	0	0.945181628	101649.615	101648.233	101644.297	101652.122	7.82524474	0	0	0	571.666	0	0	3
150	933	0	0.951525129	101645.465	101648.19	101644.297	101652.122	7.82524474	0	0	0	567.613	0	0	3
151	939	0	0.95786863	101648.087	101648.195	101644.297	101652.122	7.82524474	0	0	0	570.438	0	0	3
152	945	0	0.964212131	101651.83	101648.236	101644.297	101652.122	7.82524474	0	0	0	574.048	0	0	3
153	951	0	0.970555632	101646.314	101648.188	101644.297	101652.122	7.82524474	0	0	0	568.933	0	0	3
154	958	0	0.976899133	101647.186	101648.175	101644.297	101652.122	7.82524474	0	0	0	569.224	0	0	3
155	964	0	0.983242634	101650.231	101648.185	101644.297	101652.122	7.82524474	0	0	0	572.228	0	0	3
156	971	0	0.989586134	101650.129	101648.211	101644.297	101652.122	7.82524474	0	0	0	572.09	0	0	3
157	978	0	0.995929635	101647.242	101648.205	101644.297	101652.122	7.82524474	0	0	0	569.326	0	0	3
158	985	0	1.00227314	101650.442	101648.231	101644.297	101652.122	3.59950728	1.87386383	0	52	572.163	0	0	3
159	992	0	1.00861664	101650.548	101648.272	101644.297	101652.122	3.49173362	1.87386383	0	53.6	572.419	0	0	3
160	999	0	1.01496014	101648.207	101648.262	101644.297	101652.122	3.49173362	1.87386383	0	53.6	570.18	0	0	3
161	1006	0	1.02130364	101645.821	101648.217	101644.297	101652.122	3.49173362	1.87386383	0	53.6	568.026	0	0	3
162	1014	0	1.02764714	101647.96	101648.206	101644.297	101652.122	3.49173362	1.87386383	0	53.6	570.34	0	0	3
163	1021	0	1.03399064	101647.193	101648.193	101644.297	101652.122	3.32008491	1.87386383	0	56.4	569.7	0	0	3
164	1028	0	1.04033414	101651.008	101648.223	101644.297	101652.122	3.1552505	1.87386383	0	59.3	573.63	0	0	3
165	1036	0	1.04667764	101644.251	101648.188	101644.251	101652.122	2.94243991	1.87386383	0	63.6	566.823	0	0	3
166	1042	0	1.05302114	101645.001	101648.148	101644.251	101652.122	2.65903064	1.87386383	0	70.4	567.475	0	0	3
167	1050	0	1.05936464	101647.215	101648.117	101644.251	101652.122	2.39275914	1.87386383	0	78.3	570.245	0	0	3
168	1057	0	1.06570814	101648.798	101648.131	101644.251	101652.122	2.2132787	1.87386383	0	84.6	571.018	0	0	3
169	1065	0	1.07205165	101648.561	101648.108	101644.251	101652.122	2.22206359	1.87386383	0	84.3	570.564	0	0	3
170	1071	0	1.07839515	101646.854	101648.083	101644.251	101652.122	2.24716656	1.87386383	0	83.3	569.173	0	0	3
171	1077	0	1.08473865	101647.134	101648.055	101644.251	101652.122	2.27551548	1.87386383	0	82.3	569.005	0	0	3
172	1085	0	1.09108215	101646.565	101648.04	101644.251	101652.122	2.29024153	1.87386383	0	81.8	568.458	0	0	3
173	1093	0	1.09742565	101647.973	101648.028	101644.251	101652.122	2.30222293	1.87386383	0	81.3	570.063	0	0	3
174	1099	0	1.10376915	101648.813	101647.994	101644.251	101652.122	2.33650795	1.87386383	0	80.1	571.573	0	0	3
175	1107	0	1.11011265	101648.326	101647.99	101644.251	101652.122	2.34008782	1.87386383	0	80	570.404	0	0	3
176	1114	0	1.11645615	101648.332	101647.95	101644.251	101652.122	2.37985924	1.87386383	0	78.7	570.243	0	0	3
177	1122	0	1.12279965	101647.997	101647.915	101644.251	101652.122	2.41550456	1.87386383	0	77.5	569.877	0	0	3
178	1130	0	1.12914315	101648.277	101647.876	101644.251	101652.122	2.4543007	1.87386383	0	76.3	570.125	0	0	3
179	1137	0	1.13548665	101647.434	101647.817	101644.251	101651.83	2.48196798	1.87386383	0	75.4	569.224	0	0	3
180	1144	0	1.14183016	101649.3	101647.804	101644.251	101651.83	2.40325221	1.87386383	0	77.9	571.043	0	0	3
181	1150	0	1.14817366	101653.588	101647.873	101644.251	101653.588	2.31807861	1.87386383	0	80.8	575.335	0	0	3
182	1157	0	1.15451716	101656.735	101647.987	101644.251	101656.735	2.21405485	1.87386383	0	84.6	578.421	0	0	3
183	1163	0	1.16086066	101647.952	101647.995	101644.251	101656.735	2.11640831	1.87386383	0	88.5	569.655	0	0	3
184	1169	0	1.16720416	101649.387	101648.023	101644.251	101656.735	2.05783474	1.87386383	0	91	571.158	0	0	3
185	1177	0	1.17354766	101646.975	101648.022	101644.251	101656.735	2.00146879	1.87386383	0	93.6	568.798	0	0	3
186	1183	0	1.17989116	101647.882	101648.022	101644.251	101656.735	1.99811317	1.87386383	0	93.7	569.734	0	0	3
187	1189	0	1.18623466	101646.016	101647.952	101644.251	101656.735	1.94822021	1.87386383	0	96.1	567.824	0	0	3
188	1195	0	1.19257816	101648.854	101647.963	101644.251	101656.735	1.89983986	1.87386383	0	98.6	570.668	0	0	3
189	1201	0	1.19892166	101647.944	101647.963	101644.251	101656.735	1.81379472	1.87386383	0	100	570.56	0	0	3
