Iteration	CPUTime	PhysTime	Travels	Value	AvValue	MinValue	MaxValue	Delta	Criteria	Progress	dGMaxMin	CriteriaType	CriteriaVarType	CriteriaPercentage
1	17	0	0.00634350086	293.200828	293.200828	293.200828	293.200828	0	0	0	0	0.423089	0	0	3
2	24	0	0.0126870017	293.200581	293.200704	293.200581	293.200828	0.000123527063	0	0	0	0.408188	0	0	3
3	31	0	0.0190305026	293.200537	293.200648	293.200537	293.200828	0.000179390959	0	0	0	0.403755	0	0	3
4	38	0	0.0253740034	293.200498	293.200611	293.200498	293.200828	0.00021696737	0	0	0	0.400305	0	0	3
5	44	0	0.0317175043	293.20046	293.200581	293.20046	293.200828	0.000247068154	0	0	0	0.3966	0	0	3
6	50	0	0.0380610052	293.20039	293.200549	293.20039	293.200828	0.000278877796	0	0	0	0.39174	0	0	3
7	56	0	0.044404506	293.200307	293.200514	293.200307	293.200828	0.000313398187	0	0	0	0.386744	0	0	3
8	61	0	0.0507480069	293.200223	293.200478	293.200223	293.200828	0.00034987919	0	0	0	0.38212	0	0	3
9	67	0	0.0570915078	293.200139	293.20044	293.200139	293.200828	0.000387511117	0	0	0	0.377829	0	0	3
10	73	0	0.0634350086	293.200058	293.200402	293.200058	293.200828	0.000425697976	0	0	0	0.373612	0	0	3
11	79	0	0.0697785095	293.199971	293.200363	293.199971	293.200828	0.000464884234	0	0	0	0.36313	0	0	3
12	85	0	0.0761220103	293.199894	293.200324	293.199894	293.200828	0.000504001719	0	0	0	0.35398	0	0	3
13	91	0	0.0824655112	293.199825	293.200285	293.199825	293.200828	0.000542406012	0	0	0	0.346049	0	0	3
14	97	0	0.0888090121	293.199762	293.200248	293.199762	293.200828	0.000579770063	0	0	0	0.338502	0	0	3
15	103	0	0.0951525129	293.199705	293.200212	293.199705	293.200828	0.0006159475	0	0	0	0.332708	0	0	3
16	109	0	0.101496014	293.199629	293.200175	293.199629	293.200828	0.000652385595	0	0	0	0.326206	0	0	3
17	115	0	0.107839515	293.199558	293.200139	293.199558	293.200828	0.00068873147	0	0	0	0.321353	0	0	3
18	121	0	0.114183016	293.199491	293.200103	293.199491	293.200828	0.000724730047	0	0	0	0.317087	0	0	3
19	127	0	0.120526516	293.199428	293.200068	293.199428	293.200828	0.000760274144	0	0	0	0.313619	0	0	3
20	134	0	0.126870017	293.199367	293.200033	293.199367	293.200828	0.000795300199	0	0	0	0.310697	0	0	3
21	140	0	0.133213518	293.199277	293.199997	293.199277	293.200828	0.000831265928	0	0	0	0.307529	0	0	3
22	146	0	0.139557019	293.199187	293.19996	293.199187	293.200828	0.000868050243	0	0	0	0.304027	0	0	3
23	152	0	0.14590052	293.199096	293.199922	293.199096	293.200828	0.000905602581	0	0	0	0.301549	0	0	3
24	157	0	0.152244021	293.199003	293.199884	293.199003	293.200828	0.000943920026	0	0	0	0.29955	0	0	3
25	163	0	0.158587522	293.198908	293.199845	293.198908	293.200828	0.000982944759	0	0	0	0.29814	0	0	3
26	169	0	0.164931022	293.19876	293.199803	293.19876	293.200828	0.00102467266	0	0	0	0.297184	0	0	3
27	175	0	0.171274523	293.198602	293.199759	293.198602	293.200828	0.0010691579	0	0	0	0.296545	0	0	3
28	181	0	0.177618024	293.198435	293.199711	293.198435	293.200828	0.0011164413	0	0	0	0.296423	0	0	3
29	187	0	0.183961525	293.19826	293.199661	293.19826	293.200828	0.00116649741	0	0	0	0.296604	0	0	3
30	194	0	0.190305026	293.198077	293.199609	293.198077	293.200828	0.00121929542	0	0	0	0.296997	0	0	3
31	200	0	0.196648527	293.197792	293.19955	293.197792	293.200828	0.00127788369	0	0	0	0.297874	0	0	3
32	205	0	0.202992028	293.197509	293.199486	293.197509	293.200828	0.00134165781	0	0	0	0.298706	0	0	3
33	212	0	0.209335528	293.197244	293.199418	293.197244	293.200828	0.00140960852	0	0	0	0.299171	0	0	3
34	218	0	0.215679029	293.197002	293.199347	293.197002	293.200828	0.00148067948	0	0	0	0.299892	0	0	3
35	224	0	0.22202253	293.196796	293.199274	293.196796	293.200828	0.00155355722	0	0	0	0.300597	0	0	3
36	230	0	0.228366031	293.196579	293.199199	293.196579	293.200828	0.00162842153	0	0	0	0.302166	0	0	3
37	236	0	0.234709532	293.196444	293.199125	293.196444	293.200828	0.00170288658	0	0	0	0.303701	0	0	3
38	242	0	0.241053033	293.196375	293.199053	293.196375	293.200828	0.00177524891	0	0	0	0.303966	0	0	3
39	248	0	0.247396534	293.196357	293.198983	293.196357	293.200828	0.00184437027	0	0	0	0.305135	0	0	3
40	254	0	0.253740034	293.196371	293.198918	293.196357	293.200828	0.0019096864	0	0	0	0.306679	0	0	3
41	261	0	0.260083535	293.196409	293.198857	293.196357	293.200828	0.0019708764	0	0	0	0.308185	0	0	3
42	267	0	0.266427036	293.19645	293.1988	293.196357	293.200828	0.00202818403	0	0	0	0.30838	0	0	3
43	273	0	0.272770537	293.196481	293.198746	293.196357	293.200828	0.00208209408	0	0	0	0.308955	0	0	3
44	279	0	0.279114038	293.196503	293.198695	293.196357	293.200828	0.00213306515	0	0	0	0.309766	0	0	3
45	285	0	0.285457539	293.196517	293.198646	293.196357	293.200828	0.00218145406	0	0	0	0.310772	0	0	3
46	291	0	0.29180104	293.196529	293.1986	293.196357	293.200828	0.00222748942	0	0	0	0.31219	0	0	3
47	297	0	0.298144541	293.196539	293.198556	293.196357	293.200828	0.00227134923	0	0	0	0.313446	0	0	3
48	303	0	0.304488041	293.196546	293.198515	293.196357	293.200828	0.0023132332	0	0	0	0.31205	0	0	3
49	309	0	0.310831542	293.196555	293.198475	293.196357	293.200828	0.00235322618	0	0	0	0.311566	0	0	3
50	315	0	0.317175043	293.19656	293.198436	293.196357	293.200828	0.00239152035	0	0	0	0.311807	0	0	3
51	321	0	0.323518544	293.196567	293.1984	293.196357	293.200828	0.00242816333	0	0	0	0.312738	0	0	3
52	327	0	0.329862045	293.196574	293.198365	293.196357	293.200828	0.00246327611	0	0	0	0.31299	0	0	3
53	333	0	0.336205546	293.196582	293.198331	293.196357	293.200828	0.00249691257	0	0	0	0.313003	0	0	3
54	340	0	0.342549047	293.196588	293.198299	293.196357	293.200828	0.00252918732	0	0	0	0.312939	0	0	3
55	346	0	0.348892547	293.196595	293.198268	293.196357	293.200828	0.00256017065	0	0	0	0.313259	0	0	3
56	352	0	0.355236048	293.196599	293.198238	293.196357	293.200828	0.00258996346	0	0	0	0.312723	0	0	3
57	358	0	0.361579549	293.196603	293.198209	293.196357	293.200828	0.00261864759	0	0	0	0.313912	0	0	3
58	364	0	0.36792305	293.196607	293.198182	293.196357	293.200828	0.00264627411	0	0	0	0.312759	0	0	3
59	369	0	0.374266551	293.196609	293.198155	293.196357	293.200828	0.0026729235	0	0	0	0.313809	0	0	3
60	375	0	0.380610052	293.196613	293.198129	293.196357	293.200828	0.00269862534	0	0	0	0.314355	0	0	3
61	381	0	0.386953553	293.196615	293.198104	293.196357	293.200828	0.00272344515	0	0	0	0.3136	0	0	3
62	387	0	0.393297053	293.196617	293.19808	293.196357	293.200828	0.00274743037	0	0	0	0.314652	0	0	3
63	393	0	0.399640554	293.196618	293.198057	293.196357	293.200828	0.00277063574	0	0	0	0.314147	0	0	3
64	399	0	0.405984055	293.19662	293.198035	293.196357	293.200828	0.00279309705	0	0	0	0.314375	0	0	3
65	404	0	0.412327556	293.196621	293.198013	293.196357	293.200828	0.00281484756	0	0	0	0.314465	0	0	3
66	410	0	0.418671057	293.196623	293.197992	293.196357	293.200828	0.00283591437	0	0	0	0.314598	0	0	3
67	416	0	0.425014558	293.196624	293.197971	293.196357	293.200828	0.00285633349	0	0	0	0.31452	0	0	3
68	422	0	0.431358059	293.196624	293.197952	293.196357	293.200828	0.00287615309	0	0	0	0.313905	0	0	3
69	428	0	0.437701559	293.196625	293.197932	293.196357	293.200828	0.00289537432	0	0	0	0.314085	0	0	3
70	434	0	0.44404506	293.196626	293.197914	293.196357	293.200828	0.00291404403	0	0	0	0.315505	0	0	3
71	440	0	0.450388561	293.196628	293.197896	293.196357	293.200828	0.00293215629	0	0	0	0.314147	0	0	3
72	446	0	0.456732062	293.196628	293.197878	293.196357	293.200828	0.00294976369	0	0	0	0.314578	0	0	3
73	452	0	0.463075563	293.196628	293.197861	293.196357	293.200828	0.00296689347	0	0	0	0.314337	0	0	3
74	457	0	0.469419064	293.196627	293.197844	293.196357	293.200828	0.0029835678	0	0	0	0.314536	0	0	3
75	463	0	0.475762565	293.196626	293.197828	293.196357	293.200828	0.00299981024	0	0	0	0.314182	0	0	3
76	469	0	0.482106065	293.196626	293.197812	293.196357	293.200828	0.00301563244	0	0	0	0.314091	0	0	3
77	474	0	0.488449566	293.196624	293.197797	293.196357	293.200828	0.00303106174	0	0	0	0.314487	0	0	3
78	480	0	0.494793067	293.196624	293.197782	293.196357	293.200828	0.00304610244	0	0	0	0.315373	0	0	3
79	486	0	0.501136568	293.196623	293.197767	293.196357	293.200828	0.00306077158	0	0	0	0.31417	0	0	3
80	492	0	0.507480069	293.196622	293.197714	293.196357	293.200581	0.00299048436	0	0	0	0.314397	0	0	3
81	498	0	0.51382357	293.196621	293.197664	293.196357	293.200537	0.00298474651	0	0	0	0.314846	0	0	3
82	504	0	0.520167071	293.196621	293.197614	293.196357	293.200498	0.00299673093	0	0	0	0.316136	0	0	3
83	510	0	0.526510572	293.196621	293.197565	293.196357	293.20046	0.00301570561	0	0	0	0.315851	0	0	3
84	516	0	0.532854072	293.196621	293.197516	293.196357	293.20039	0.00303248916	0	0	0	0.31612	0	0	3
85	522	0	0.539197573	293.196621	293.197469	293.196357	293.200307	0.00304567314	0	0	0	0.316228	0	0	3
86	528	0	0.545541074	293.196621	293.197422	293.196357	293.200223	0.00305585028	0	0	0	0.315861	0	0	3
87	534	0	0.551884575	293.196623	293.197377	293.196357	293.200139	0.00306378803	0	0	0	0.315485	0	0	3
88	540	0	0.558228076	293.196623	293.197332	293.196357	293.200058	0.00307011155	0	0	0	0.315655	0	0	3
89	546	0	0.564571577	293.196624	293.197289	293.196357	293.199971	0.00307439356	0	0	0	0.315537	0	0	3
90	552	0	0.570915078	293.196624	293.197246	293.196357	293.199894	0.00307764055	0	0	0	0.316109	0	0	3
91	558	0	0.577258578	293.196624	293.197205	293.196357	293.199825	0.00308062753	0	0	0	0.315997	0	0	3
92	563	0	0.583602079	293.196623	293.197164	293.196357	293.199762	0.00308378542	0	0	0	0.315525	0	0	3
93	569	0	0.58994558	293.196624	293.197125	293.196357	293.199705	0.0030873394	0	0	0	0.314565	0	0	3
94	575	0	0.596289081	293.196623	293.197086	293.196357	293.199629	0.00308991437	0	0	0	0.314861	0	0	3
95	581	0	0.602632582	293.196624	293.197047	293.196357	293.199558	0.00309159961	0	0	0	0.314927	0	0	3
96	587	0	0.608976083	293.196625	293.19701	293.196357	293.199491	0.00309272788	0	0	0	0.314462	0	0	3
97	593	0	0.615319584	293.196624	293.196974	293.196357	293.199428	0.00307091406	0	0	0	0.314126	0	0	3
98	598	0	0.621663084	293.196623	293.196939	293.196357	293.199367	0.00301018669	0	0	0	0.313817	0	0	3
99	604	0	0.628006585	293.196622	293.196904	293.196357	293.199277	0.00292040143	0	0	0	0.315184	0	0	3
100	610	0	0.634350086	293.196623	293.19687	293.196357	293.199187	0.00283046108	0	0	0	0.314123	0	0	3
101	619	0	0.640693587	293.196622	293.196838	293.196357	293.199096	0.00273922794	0	0	0	0.314446	0	0	3
102	626	0	0.647037088	293.196621	293.196806	293.196357	293.199003	0.00264576069	0	0	0	0.31478	0	0	3
103	632	0	0.653380589	293.196623	293.196776	293.196357	293.198908	0.0025514436	0	0	0	0.314895	0	0	3
104	638	0	0.65972409	293.196622	293.196747	293.196357	293.19876	0.00240311182	0	0	0	0.317249	0	0	3
105	644	0	0.66606759	293.196622	293.19672	293.196357	293.198602	0.00224520768	0	0	0	0.314821	0	0	3
106	650	0	0.672411091	293.196622	293.196695	293.196357	293.198435	0.00207788883	0	0	0	0.316091	0	0	3
107	655	0	0.678754592	293.196622	293.196672	293.196357	293.19826	0.00190291341	0	0	0	0.314517	0	0	3
108	661	0	0.685098093	293.19662	293.196652	293.196357	293.198077	0.00172054439	0	0	0	0.314426	0	0	3
109	668	0	0.691441594	293.196621	293.196633	293.196357	293.197792	0.00143544995	0	0	0	0.314036	0	0	3
110	673	0	0.697785095	293.19662	293.196618	293.196357	293.197509	0.00115232667	0	0	0	0.314457	0	0	3
111	679	0	0.704128596	293.196621	293.196607	293.196357	293.197244	0.000886950608	0	0	0	0.31478	0	0	3
112	685	0	0.710472097	293.196621	293.196599	293.196357	293.197002	0.00064496071	0	0	0	0.314814	0	0	3
113	691	0	0.716815597	293.196621	293.196594	293.196357	293.196796	0.000439581539	0	0	0	0.314946	0	0	3
114	698	0	0.723159098	293.196622	293.196592	293.196357	293.196628	0.00027109296	0	0	0	0.314868	0	0	3
115	704	0	0.729502599	293.196623	293.196593	293.196357	293.196628	0.00027109296	0	0	0	0.314415	0	0	3
116	710	0	0.7358461	293.196621	293.196595	293.196357	293.196628	0.00027109296	0	0	0	0.314331	0	0	3
117	716	0	0.742189601	293.196621	293.196598	293.196357	293.196628	0.00027109296	0	0	0	0.314246	0	0	3
118	721	0	0.748533102	293.196619	293.196601	293.196371	293.196628	0.000257126581	0	0	0	0.313768	0	0	3
119	727	0	0.754876603	293.196619	293.196604	293.196409	293.196628	0.00021858741	0	0	0	0.314146	0	0	3
120	733	0	0.761220103	293.196618	293.196607	293.19645	293.196628	0.000177908146	0	0	0	0.314167	0	0	3
121	739	0	0.767563604	293.196619	293.196609	293.196481	293.196628	0.000146427183	0	0	0	0.314122	0	0	3
122	745	0	0.773907105	293.196618	293.196611	293.196503	293.196628	0.000124932156	0	0	0	0.313752	0	0	3
123	751	0	0.780250606	293.196618	293.196612	293.196517	293.196628	0.000110677148	0	0	0	0.313405	0	0	3
124	757	0	0.786594107	293.196618	293.196614	293.196529	293.196628	9.91914346e-05	0	0	0	0.312826	0	0	3
125	763	0	0.792937608	293.196619	293.196615	293.196539	293.196628	8.90117133e-05	0	0	0	0.313312	0	0	3
126	769	0	0.799281109	293.196619	293.196616	293.196546	293.196628	8.18905766e-05	0	0	0	0.316013	0	0	3
127	774	0	0.805624609	293.196619	293.196617	293.196555	293.196628	7.30001441e-05	0	0	0	0.313929	0	0	3
128	780	0	0.81196811	293.196618	293.196618	293.19656	293.196628	6.8045733e-05	0	0	0	0.314734	0	0	3
129	786	0	0.818311611	293.19662	293.196618	293.196567	293.196628	6.04236209e-05	0	0	0	0.313825	0	0	3
130	793	0	0.824655112	293.19662	293.196619	293.196574	293.196628	5.4138464e-05	0	0	0	0.313866	0	0	3
131	800	0	0.830998613	293.19662	293.19662	293.196582	293.196628	4.61195505e-05	0	0	0	0.31393	0	0	3
132	808	0	0.837342114	293.19662	293.19662	293.196588	293.196628	3.98604525e-05	0	0	0	0.313877	0	0	3
133	816	0	0.843685615	293.19662	293.19662	293.196595	293.196628	3.33815862e-05	0	0	0	0.315872	0	0	3
134	825	0	0.850029115	293.19662	293.196621	293.196599	293.196628	2.86790169e-05	0	0	0	0.314233	0	0	3
135	832	0	0.856372616	293.196622	293.196621	293.196603	293.196628	2.50698642e-05	0	0	0	0.315358	0	0	3
136	839	0	0.862716117	293.196622	293.196621	293.196607	293.196628	2.10964773e-05	0	0	0	0.313964	0	0	3
137	846	0	0.869059618	293.196622	293.196622	293.196609	293.196628	1.86994525e-05	0	0	0	0.31396	0	0	3
138	853	0	0.875403119	293.196622	293.196622	293.196613	293.196628	1.51447585e-05	0	0	0	0.313165	0	0	3
139	860	0	0.88174662	293.196622	293.196622	293.196615	293.196628	1.27444335e-05	0	0	0	0.313519	0	0	3
140	866	0	0.888090121	293.196622	293.196622	293.196617	293.196628	1.06398574e-05	0	0	0	0.313191	0	0	3
141	872	0	0.894433622	293.196623	293.196622	293.196618	293.196628	1.0166068e-05	0	0	0	0.314438	0	0	3
142	878	0	0.900777122	293.196623	293.196622	293.196618	293.196628	1.0166068e-05	0	0	0	0.31332	0	0	3
143	886	0	0.907120623	293.196623	293.196622	293.196618	293.196628	1.0166068e-05	0	0	0	0.313129	0	0	3
144	893	0	0.913464124	293.196623	293.196622	293.196618	293.196628	1.0166068e-05	0	0	0	0.314475	0	0	3
145	900	0	0.919807625	293.196625	293.196622	293.196618	293.196628	1.0166068e-05	0	0	0	0.313645	0	0	3
146	907	0	0.926151126	293.196623	293.196622	293.196618	293.196628	1.0166068e-05	0	0	0	0.314745	0	0	3
147	914	0	0.932494627	293.196624	293.196622	293.196618	293.196628	1.0166068e-05	0	0	0	0.314106	0	0	3
148	920	0	0.938838128	293.196623	293.196622	293.196618	293.196628	1.0166068e-05	0	0	0	0.313819	0	0	3
149	926	0	0.945181628	293.196624	293.196622	293.196618	293.196628	1.0166068e-05	0	0	0	0.313519	0	0	3
150	933	0	0.951525129	293.196626	293.196622	293.196618	293.196628	1.0166068e-05	0	0	0	0.313884	0	0	3
151	939	0	0.95786863	293.196625	293.196622	293.196618	293.196628	9.81729283e-06	0	0	0	0.313425	0	0	3
152	945	0	0.964212131	293.196625	293.196622	293.196618	293.196627	9.26142241e-06	0	0	0	0.314275	0	0	3
153	951	0	0.970555632	293.196625	293.196622	293.196618	293.196626	8.3045154e-06	0	0	0	0.313412	0	0	3
154	958	0	0.976899133	293.196624	293.196622	293.196618	293.196626	8.04769451e-06	0	0	0	0.313492	0	0	3
155	964	0	0.983242634	293.196624	293.196622	293.196618	293.196626	8.04769451e-06	0	0	0	0.313943	0	0	3
156	971	0	0.989586134	293.196624	293.196622	293.196618	293.196626	8.04769451e-06	0	0	0	0.313446	0	0	3
157	978	0	0.995929635	293.196624	293.196622	293.196618	293.196626	8.04769451e-06	0	0	0	0.31298	0	0	3
158	985	0	1.00227314	293.196625	293.196622	293.196618	293.196626	8.04769451e-06	0.000125395896	0	0	0.31459	0	0	3
159	992	0	1.00861664	293.196624	293.196622	293.196618	293.196626	8.04769451e-06	0.000125395896	0	0	0.314376	0	0	3
160	999	0	1.01496014	293.196623	293.196622	293.196618	293.196626	8.04769451e-06	0.000125395896	0	0	0.314983	0	0	3
161	1006	0	1.02130364	293.196622	293.196622	293.196618	293.196626	8.04769451e-06	0.000125395896	0	0	0.315177	0	0	3
162	1014	0	1.02764714	293.196622	293.196622	293.196618	293.196626	8.04769451e-06	0.000125395896	0	0	0.315123	0	0	3
163	1021	0	1.03399064	293.196622	293.196622	293.196618	293.196626	8.04769451e-06	0.000125395896	0	0	0.314713	0	0	3
164	1028	0	1.04033414	293.196623	293.196622	293.196618	293.196626	8.04769451e-06	0.000125395896	0	0	0.314698	0	0	3
165	1036	0	1.04667764	293.196623	293.196622	293.196618	293.196626	8.04769451e-06	0.000125395896	0	0	0.314258	0	0	3
166	1042	0	1.05302114	293.196624	293.196622	293.196618	293.196626	8.04769451e-06	0.000125395896	0	0	0.315066	0	0	3
167	1050	0	1.05936464	293.196623	293.196622	293.196618	293.196626	8.04769451e-06	0.000125395896	0	0	0.314323	0	0	3
168	1057	0	1.06570814	293.196623	293.196622	293.196618	293.196626	8.04769451e-06	0.000125395896	0	0	0.312996	0	0	3
169	1065	0	1.07205165	293.196622	293.196622	293.196618	293.196626	8.04769451e-06	0.000125395896	0	0	0.314981	0	0	3
170	1071	0	1.07839515	293.196624	293.196622	293.196618	293.196626	8.04769451e-06	0.000125395896	0	0	0.313901	0	0	3
171	1077	0	1.08473865	293.196623	293.196622	293.196618	293.196626	8.04769451e-06	0.000125395896	0	0	0.314628	0	0	3
172	1085	0	1.09108215	293.196623	293.196622	293.196618	293.196626	8.04769451e-06	0.000125395896	0	0	0.314257	0	0	3
173	1093	0	1.09742565	293.196624	293.196622	293.196618	293.196626	8.04769451e-06	0.000125395896	0	0	0.31447	0	0	3
174	1099	0	1.10376915	293.196623	293.196622	293.196618	293.196626	8.04769451e-06	0.000125395896	0	0	0.313967	0	0	3
175	1107	0	1.11011265	293.196624	293.196622	293.196618	293.196626	8.04769451e-06	0.000125395896	0	0	0.314265	0	0	3
176	1114	0	1.11645615	293.196624	293.196622	293.196618	293.196626	8.04769451e-06	0.000125395896	0	0	0.313521	0	0	3
177	1122	0	1.12279965	293.196622	293.196622	293.196618	293.196626	8.04769451e-06	0.000125395896	0	0	0.31321	0	0	3
178	1130	0	1.12914315	293.196621	293.196622	293.196618	293.196626	8.04769451e-06	0.000125395896	0	0	0.313192	0	0	3
179	1137	0	1.13548665	293.196622	293.196622	293.196618	293.196626	8.04769451e-06	0.000125395896	0	0	0.313288	0	0	3
180	1144	0	1.14183016	293.196622	293.196622	293.196618	293.196626	8.04769451e-06	0.000125395896	0	0	0.31353	0	0	3
181	1150	0	1.14817366	293.196622	293.196622	293.196618	293.196626	8.04769451e-06	0.000125395896	0	0	0.313244	0	0	3
182	1157	0	1.15451716	293.196623	293.196622	293.196618	293.196626	8.04769451e-06	0.000125395896	0	0	0.313139	0	0	3
183	1163	0	1.16086066	293.196622	293.196622	293.196618	293.196626	8.04769451e-06	0.000125395896	0	0	0.313248	0	0	3
184	1169	0	1.16720416	293.196622	293.196622	293.196618	293.196626	8.04769451e-06	0.000125395896	0	0	0.31363	0	0	3
185	1177	0	1.17354766	293.196622	293.196622	293.196618	293.196626	8.04769451e-06	0.000125395896	0	0	0.312995	0	0	3
186	1183	0	1.17989116	293.196623	293.196622	293.196618	293.196626	8.04769451e-06	0.000125395896	0	0	0.31349	0	0	3
187	1189	0	1.18623466	293.196623	293.196622	293.196618	293.196626	8.04769451e-06	0.000125395896	0	0	0.312919	0	0	3
188	1195	0	1.19257816	293.196623	293.196622	293.196618	293.196626	8.04769451e-06	0.000125395896	0	0	0.314536	0	0	3
189	1201	0	1.19892166	293.196623	293.196622	293.196618	293.196626	8.04769451e-06	0.000125395896	0	0	0.313923	0	0	3
