Iteration	CPUTime	PhysTime	Travels	Value	AvValue	MinValue	MaxValue	Delta	Criteria	Progress	dGMaxMin	CriteriaType	CriteriaVarType	CriteriaPercentage
1	17	0	0.00634350086	0	0	0	0	0	0	0	0	0	0	0	3
2	24	0	0.0126870017	0	0	0	0	0	0	0	0	0	0	0	3
3	31	0	0.0190305026	0	0	0	0	0	0	0	0	0	0	0	3
4	38	0	0.0253740034	0	0	0	0	0	0	0	0	0	0	0	3
5	44	0	0.0317175043	0	0	0	0	0	0	0	0	0	0	0	3
6	50	0	0.0380610052	0	0	0	0	0	0	0	0	0	0	0	3
7	56	0	0.044404506	0	0	0	0	0	0	0	0	0	0	0	3
8	61	0	0.0507480069	0	0	0	0	0	0	0	0	0	0	0	3
9	67	0	0.0570915078	0	0	0	0	0	0	0	0	0	0	0	3
10	73	0	0.0634350086	0	0	0	0	0	0	0	0	0	0	0	3
11	79	0	0.0697785095	0	0	0	0	0	0	0	0	0	0	0	3
12	85	0	0.0761220103	0	0	0	0	0	0	0	0	0	0	0	3
13	91	0	0.0824655112	0	0	0	0	0	0	0	0	0	0	0	3
14	97	0	0.0888090121	0	0	0	0	0	0	0	0	0	0	0	3
15	103	0	0.0951525129	0	0	0	0	0	0	0	0	0	0	0	3
16	109	0	0.101496014	0	0	0	0	0	0	0	0	0	0	0	3
17	115	0	0.107839515	0	0	0	0	0	0	0	0	0	0	0	3
18	121	0	0.114183016	0	0	0	0	0	0	0	0	0	0	0	3
19	127	0	0.120526516	0	0	0	0	0	0	0	0	0	0	0	3
20	134	0	0.126870017	0	0	0	0	0	0	0	0	0	0	0	3
21	140	0	0.133213518	0	0	0	0	0	0	0	0	0	0	0	3
22	146	0	0.139557019	0	0	0	0	0	0	0	0	0	0	0	3
23	152	0	0.14590052	0	0	0	0	0	0	0	0	0	0	0	3
24	157	0	0.152244021	0	0	0	0	0	0	0	0	0	0	0	3
25	163	0	0.158587522	0	0	0	0	0	0	0	0	0	0	0	3
26	169	0	0.164931022	0	0	0	0	0	0	0	0	0	0	0	3
27	175	0	0.171274523	0	0	0	0	0	0	0	0	0	0	0	3
28	181	0	0.177618024	0	0	0	0	0	0	0	0	0	0	0	3
29	187	0	0.183961525	0	0	0	0	0	0	0	0	0	0	0	3
30	194	0	0.190305026	0	0	0	0	0	0	0	0	0	0	0	3
31	200	0	0.196648527	0	0	0	0	0	0	0	0	0	0	0	3
32	205	0	0.202992028	0	0	0	0	0	0	0	0	0	0	0	3
33	212	0	0.209335528	0	0	0	0	0	0	0	0	0	0	0	3
34	218	0	0.215679029	0	0	0	0	0	0	0	0	0	0	0	3
35	224	0	0.22202253	0	0	0	0	0	0	0	0	0	0	0	3
36	230	0	0.228366031	0	0	0	0	0	0	0	0	0	0	0	3
37	236	0	0.234709532	0	0	0	0	0	0	0	0	0	0	0	3
38	242	0	0.241053033	0	0	0	0	0	0	0	0	0	0	0	3
39	248	0	0.247396534	0	0	0	0	0	0	0	0	0	0	0	3
40	254	0	0.253740034	0	0	0	0	0	0	0	0	0	0	0	3
41	261	0	0.260083535	0	0	0	0	0	0	0	0	0	0	0	3
42	267	0	0.266427036	0	0	0	0	0	0	0	0	0	0	0	3
43	273	0	0.272770537	0	0	0	0	0	0	0	0	0	0	0	3
44	279	0	0.279114038	0	0	0	0	0	0	0	0	0	0	0	3
45	285	0	0.285457539	0	0	0	0	0	0	0	0	0	0	0	3
46	291	0	0.29180104	0	0	0	0	0	0	0	0	0	0	0	3
47	297	0	0.298144541	0	0	0	0	0	0	0	0	0	0	0	3
48	303	0	0.304488041	0	0	0	0	0	0	0	0	0	0	0	3
49	309	0	0.310831542	0	0	0	0	0	0	0	0	0	0	0	3
50	315	0	0.317175043	0	0	0	0	0	0	0	0	0	0	0	3
51	321	0	0.323518544	0	0	0	0	0	0	0	0	0	0	0	3
52	327	0	0.329862045	0	0	0	0	0	0	0	0	0	0	0	3
53	333	0	0.336205546	0	0	0	0	0	0	0	0	0	0	0	3
54	340	0	0.342549047	0	0	0	0	0	0	0	0	0	0	0	3
55	346	0	0.348892547	0	0	0	0	0	0	0	0	0	0	0	3
56	352	0	0.355236048	0	0	0	0	0	0	0	0	0	0	0	3
57	358	0	0.361579549	0	0	0	0	0	0	0	0	0	0	0	3
58	364	0	0.36792305	0	0	0	0	0	0	0	0	0	0	0	3
59	369	0	0.374266551	0	0	0	0	0	0	0	0	0	0	0	3
60	375	0	0.380610052	0	0	0	0	0	0	0	0	0	0	0	3
61	381	0	0.386953553	0	0	0	0	0	0	0	0	0	0	0	3
62	387	0	0.393297053	0	0	0	0	0	0	0	0	0	0	0	3
63	393	0	0.399640554	0	0	0	0	0	0	0	0	0	0	0	3
64	399	0	0.405984055	0	0	0	0	0	0	0	0	0	0	0	3
65	404	0	0.412327556	0	0	0	0	0	0	0	0	0	0	0	3
66	410	0	0.418671057	0	0	0	0	0	0	0	0	0	0	0	3
67	416	0	0.425014558	0	0	0	0	0	0	0	0	0	0	0	3
68	422	0	0.431358059	0	0	0	0	0	0	0	0	0	0	0	3
69	428	0	0.437701559	0	0	0	0	0	0	0	0	0	0	0	3
70	434	0	0.44404506	0	0	0	0	0	0	0	0	0	0	0	3
71	440	0	0.450388561	0	0	0	0	0	0	0	0	0	0	0	3
72	446	0	0.456732062	0	0	0	0	0	0	0	0	0	0	0	3
73	452	0	0.463075563	0	0	0	0	0	0	0	0	0	0	0	3
74	457	0	0.469419064	0	0	0	0	0	0	0	0	0	0	0	3
75	463	0	0.475762565	0	0	0	0	0	0	0	0	0	0	0	3
76	469	0	0.482106065	0	0	0	0	0	0	0	0	0	0	0	3
77	474	0	0.488449566	0	0	0	0	0	0	0	0	0	0	0	3
78	480	0	0.494793067	0	0	0	0	0	0	0	0	0	0	0	3
79	486	0	0.501136568	0	0	0	0	0	0	0	0	0	0	0	3
80	492	0	0.507480069	0	0	0	0	0	0	0	0	0	0	0	3
81	498	0	0.51382357	0	0	0	0	0	0	0	0	0	0	0	3
82	504	0	0.520167071	0	0	0	0	0	0	0	0	0	0	0	3
83	510	0	0.526510572	0	0	0	0	0	0	0	0	0	0	0	3
84	516	0	0.532854072	0	0	0	0	0	0	0	0	0	0	0	3
85	522	0	0.539197573	0	0	0	0	0	0	0	0	0	0	0	3
86	528	0	0.545541074	0	0	0	0	0	0	0	0	0	0	0	3
87	534	0	0.551884575	0	0	0	0	0	0	0	0	0	0	0	3
88	540	0	0.558228076	0	0	0	0	0	0	0	0	0	0	0	3
89	546	0	0.564571577	0	0	0	0	0	0	0	0	0	0	0	3
90	552	0	0.570915078	0	0	0	0	0	0	0	0	0	0	0	3
91	558	0	0.577258578	0	0	0	0	0	0	0	0	0	0	0	3
92	563	0	0.583602079	0	0	0	0	0	0	0	0	0	0	0	3
93	569	0	0.58994558	0	0	0	0	0	0	0	0	0	0	0	3
94	575	0	0.596289081	0	0	0	0	0	0	0	0	0	0	0	3
95	581	0	0.602632582	0	0	0	0	0	0	0	0	0	0	0	3
96	587	0	0.608976083	0	0	0	0	0	0	0	0	0	0	0	3
97	593	0	0.615319584	0	0	0	0	0	0	0	0	0	0	0	3
98	598	0	0.621663084	0	0	0	0	0	0	0	0	0	0	0	3
99	604	0	0.628006585	0	0	0	0	0	0	0	0	0	0	0	3
100	610	0	0.634350086	0	0	0	0	0	0	0	0	0	0	0	3
101	619	0	0.640693587	0	0	0	0	0	0	0	0	0	0	0	3
102	626	0	0.647037088	0	0	0	0	0	0	0	0	0	0	0	3
103	632	0	0.653380589	0	0	0	0	0	0	0	0	0	0	0	3
104	638	0	0.65972409	0	0	0	0	0	0	0	0	0	0	0	3
105	644	0	0.66606759	0	0	0	0	0	0	0	0	0	0	0	3
106	650	0	0.672411091	0	0	0	0	0	0	0	0	0	0	0	3
107	655	0	0.678754592	0	0	0	0	0	0	0	0	0	0	0	3
108	661	0	0.685098093	0	0	0	0	0	0	0	0	0	0	0	3
109	668	0	0.691441594	0	0	0	0	0	0	0	0	0	0	0	3
110	673	0	0.697785095	0	0	0	0	0	0	0	0	0	0	0	3
111	679	0	0.704128596	0	0	0	0	0	0	0	0	0	0	0	3
112	685	0	0.710472097	0	0	0	0	0	0	0	0	0	0	0	3
113	691	0	0.716815597	0	0	0	0	0	0	0	0	0	0	0	3
114	698	0	0.723159098	0	0	0	0	0	0	0	0	0	0	0	3
115	704	0	0.729502599	0	0	0	0	0	0	0	0	0	0	0	3
116	710	0	0.7358461	0	0	0	0	0	0	0	0	0	0	0	3
117	716	0	0.742189601	0	0	0	0	0	0	0	0	0	0	0	3
118	721	0	0.748533102	0	0	0	0	0	0	0	0	0	0	0	3
119	727	0	0.754876603	0	0	0	0	0	0	0	0	0	0	0	3
120	733	0	0.761220103	0	0	0	0	0	0	0	0	0	0	0	3
121	739	0	0.767563604	0	0	0	0	0	0	0	0	0	0	0	3
122	745	0	0.773907105	0	0	0	0	0	0	0	0	0	0	0	3
123	751	0	0.780250606	0	0	0	0	0	0	0	0	0	0	0	3
124	757	0	0.786594107	0	0	0	0	0	0	0	0	0	0	0	3
125	763	0	0.792937608	0	0	0	0	0	0	0	0	0	0	0	3
126	769	0	0.799281109	0	0	0	0	0	0	0	0	0	0	0	3
127	774	0	0.805624609	0	0	0	0	0	0	0	0	0	0	0	3
128	780	0	0.81196811	0	0	0	0	0	0	0	0	0	0	0	3
129	786	0	0.818311611	0	0	0	0	0	0	0	0	0	0	0	3
130	793	0	0.824655112	0	0	0	0	0	0	0	0	0	0	0	3
131	800	0	0.830998613	0	0	0	0	0	0	0	0	0	0	0	3
132	808	0	0.837342114	0	0	0	0	0	0	0	0	0	0	0	3
133	816	0	0.843685615	0	0	0	0	0	0	0	0	0	0	0	3
134	825	0	0.850029115	0	0	0	0	0	0	0	0	0	0	0	3
135	832	0	0.856372616	0	0	0	0	0	0	0	0	0	0	0	3
136	839	0	0.862716117	0	0	0	0	0	0	0	0	0	0	0	3
137	846	0	0.869059618	0	0	0	0	0	0	0	0	0	0	0	3
138	853	0	0.875403119	0	0	0	0	0	0	0	0	0	0	0	3
139	860	0	0.88174662	0	0	0	0	0	0	0	0	0	0	0	3
140	866	0	0.888090121	0	0	0	0	0	0	0	0	0	0	0	3
141	872	0	0.894433622	0	0	0	0	0	0	0	0	0	0	0	3
142	878	0	0.900777122	0	0	0	0	0	0	0	0	0	0	0	3
143	886	0	0.907120623	0	0	0	0	0	0	0	0	0	0	0	3
144	893	0	0.913464124	0	0	0	0	0	0	0	0	0	0	0	3
145	900	0	0.919807625	0	0	0	0	0	0	0	0	0	0	0	3
146	907	0	0.926151126	0	0	0	0	0	0	0	0	0	0	0	3
147	914	0	0.932494627	0	0	0	0	0	0	0	0	0	0	0	3
148	920	0	0.938838128	0	0	0	0	0	0	0	0	0	0	0	3
149	926	0	0.945181628	0	0	0	0	0	0	0	0	0	0	0	3
150	933	0	0.951525129	0	0	0	0	0	0	0	0	0	0	0	3
151	939	0	0.95786863	0	0	0	0	0	0	0	0	0	0	0	3
152	945	0	0.964212131	0	0	0	0	0	0	0	0	0	0	0	3
153	951	0	0.970555632	0	0	0	0	0	0	0	0	0	0	0	3
154	958	0	0.976899133	0	0	0	0	0	0	0	0	0	0	0	3
155	964	0	0.983242634	0	0	0	0	0	0	0	0	0	0	0	3
156	971	0	0.989586134	0	0	0	0	0	0	0	0	0	0	0	3
157	978	0	0.995929635	0	0	0	0	0	0	0	0	0	0	0	3
158	985	0	1.00227314	0	0	0	0	0	5e-06	0	0	0	0	0	3
159	992	0	1.00861664	0	0	0	0	0	5e-06	0	0	0	0	0	3
160	999	0	1.01496014	0	0	0	0	0	5e-06	0	0	0	0	0	3
161	1006	0	1.02130364	0	0	0	0	0	5e-06	0	0	0	0	0	3
162	1014	0	1.02764714	0	0	0	0	0	5e-06	0	0	0	0	0	3
163	1021	0	1.03399064	0	0	0	0	0	5e-06	0	0	0	0	0	3
164	1028	0	1.04033414	0	0	0	0	0	5e-06	0	0	0	0	0	3
165	1036	0	1.04667764	0	0	0	0	0	5e-06	0	0	0	0	0	3
166	1042	0	1.05302114	0	0	0	0	0	5e-06	0	0	0	0	0	3
167	1050	0	1.05936464	0	0	0	0	0	5e-06	0	0	0	0	0	3
168	1057	0	1.06570814	0	0	0	0	0	5e-06	0	0	0	0	0	3
169	1065	0	1.07205165	0	0	0	0	0	5e-06	0	0	0	0	0	3
170	1071	0	1.07839515	0	0	0	0	0	5e-06	0	0	0	0	0	3
171	1077	0	1.08473865	0	0	0	0	0	5e-06	0	0	0	0	0	3
172	1085	0	1.09108215	0	0	0	0	0	5e-06	0	0	0	0	0	3
173	1093	0	1.09742565	0	0	0	0	0	5e-06	0	0	0	0	0	3
174	1099	0	1.10376915	0	0	0	0	0	5e-06	0	0	0	0	0	3
175	1107	0	1.11011265	0	0	0	0	0	5e-06	0	0	0	0	0	3
176	1114	0	1.11645615	0	0	0	0	0	5e-06	0	0	0	0	0	3
177	1122	0	1.12279965	0	0	0	0	0	5e-06	0	0	0	0	0	3
178	1130	0	1.12914315	0	0	0	0	0	5e-06	0	0	0	0	0	3
179	1137	0	1.13548665	0	0	0	0	0	5e-06	0	0	0	0	0	3
180	1144	0	1.14183016	0	0	0	0	0	5e-06	0	0	0	0	0	3
181	1150	0	1.14817366	0	0	0	0	0	5e-06	0	0	0	0	0	3
182	1157	0	1.15451716	0	0	0	0	0	5e-06	0	0	0	0	0	3
183	1163	0	1.16086066	0	0	0	0	0	5e-06	0	0	0	0	0	3
184	1169	0	1.16720416	0	0	0	0	0	5e-06	0	0	0	0	0	3
185	1177	0	1.17354766	0	0	0	0	0	5e-06	0	0	0	0	0	3
186	1183	0	1.17989116	0	0	0	0	0	5e-06	0	0	0	0	0	3
187	1189	0	1.18623466	0	0	0	0	0	5e-06	0	0	0	0	0	3
188	1195	0	1.19257816	0	0	0	0	0	5e-06	0	0	0	0	0	3
189	1201	0	1.19892166	0	0	0	0	0	5e-06	0	0	0	0	0	3
